#npart(1)	fMhires(2)	Xc(3)	Yc(4)	Zc(5)	VXc(6)	VYc(7)	VZc(8)	Mvir(9)	Rvir(10)	Vmax(11)	Rmax(12)	sigV(13)	lambda(14)	Lx(15)	Ly(16)	Lz(17)	a(18)	Eax(19)	Eay(20)	Eaz(21)	b(22)	Ebx(23)	Eby(24)	Ebz(25)	c(26)	Ecx(27)	Ecy(28)	Ecz(29)	ovdens(30)	Redge(31)	nbins(32)	Ekin(33)	Epot(34)	mbp_offset(35)	com_offset(36)	r2(37)	lambdaE(38)	v_esc(39)	Phi0(40)	
     10083	1.00	   21.73441844	   20.20237364	   29.04146129	  152.15	    8.97	  -32.83	 4.13678e+14	   1511.18	 1236.42	    592.30	 1381.21	  0.030759	     -0.4982	     -0.7433	     -0.4465	  1.000000	  0.977768	 -0.151040	  0.145452	  0.811130	 -0.142259	  0.031796	  0.989319	  0.652815	  0.154051	  0.988016	 -0.009602	  332.60	        1841	    21	 3.94598e+20	-5.52944e+20	   9.52308	 118.59649	 370.81753	    0.024804	 1534.460538	 5.25798e+06
      2633	1.00	   20.41355317	   48.46086523	   46.03864168	  135.87	  225.03	   66.33	 1.08025e+14	    966.06	  765.91	    360.51	  792.92	  0.033520	      0.1176	      0.4588	      0.8807	  1.000000	  0.858420	  0.428297	  0.282271	  0.947224	 -0.319987	  0.877218	 -0.357907	  0.704902	 -0.400903	  0.216912	  0.890071	  332.44	        1184	    17	 3.39584e+19	-5.70484e+19	   9.05127	  39.07205	 134.53476	    0.031604	  980.714004	 2.11534e+06
      2106	1.00	   33.78953523	   30.84881786	   16.05232005	  121.55	 -225.24	 -102.95	 8.64035e+13	    898.26	  710.47	    259.12	  742.59	  0.013556	     -0.1292	      0.9528	     -0.2749	  1.000000	 -0.146405	  0.910751	 -0.386133	  0.826392	  0.975088	  0.067109	 -0.211425	  0.709160	  0.166643	  0.407468	  0.897887	  330.77	        1124	    17	 2.38235e+19	-3.81886e+19	   4.24598	  57.79585	 122.90125	    0.012153	  909.591102	 1.90096e+06
      2032	1.00	   14.63272785	   39.70235372	   48.52315035	   96.63	   63.22	   -5.93	 8.33675e+13	    886.73	  752.13	    148.73	  753.39	  0.019906	     -0.5283	      0.1647	       0.833	  1.000000	  0.313498	  0.839741	 -0.443345	  0.877427	 -0.156512	  0.506189	  0.848102	  0.724818	  0.936602	 -0.196489	  0.290119	  331.76	        1077	    17	 2.36596e+19	-4.06222e+19	   9.30114	  20.69129	  89.30008	    0.019970	  899.260429	 2.02811e+06
      1929	1.00	   13.11165439	   18.66062990	   20.50443354	  201.09	  197.07	   28.27	 7.91417e+13	    871.07	  661.28	    277.65	  682.37	  0.023462	      0.1102	      0.9244	     -0.3652	  1.000000	  0.925058	 -0.253714	  0.282662	  0.899267	  0.343125	  0.877356	 -0.335429	  0.767637	 -0.162892	  0.407279	  0.898660	  332.24	        1105	    16	 1.84255e+19	-3.16087e+19	  18.34014	  29.15585	 111.24058	    0.021664	  884.014161	 1.56314e+06
      1872	1.00	   38.54875551	   17.96918061	   43.20825382	  -68.95	    8.79	   -3.89	 7.68031e+13	    862.19	  701.63	    227.64	  710.63	  0.023667	      0.4844	      0.6594	      -0.575	  1.000000	  0.423373	 -0.073075	  0.903004	  0.814169	 -0.099392	  0.986978	  0.126471	  0.778356	  0.900487	  0.143296	 -0.410597	  332.49	        1052	    16	 1.93928e+19	-3.30767e+19	   5.20083	  35.50521	 133.63036	    0.022825	  875.327260	 1.78717e+06
      1836	1.00	   34.91413627	   28.85336409	   16.42055205	 -282.69	  277.00	   41.67	 7.53261e+13	    857.02	  689.03	    336.53	  716.09	  0.034189	    -0.08191	      0.6707	      0.7372	  1.000000	 -0.609252	  0.780045	 -0.142622	  0.723536	 -0.658458	 -0.397431	  0.639126	  0.705082	  0.441865	  0.483299	  0.755763	  332.03	        1051	    16	 1.93131e+19	-3.13883e+19	  10.87253	  17.77135	 166.93143	    0.031487	  869.479071	 1.55724e+06
      1682	1.00	   21.87964608	    2.21226349	   45.77839936	 -117.54	 -302.58	   45.49	 6.90079e+13	    832.46	  614.04	    398.40	  675.61	  0.059070	     -0.6041	     0.01009	     -0.7969	  1.000000	  0.506685	  0.842473	  0.183057	  0.831715	  0.755205	 -0.331303	 -0.565601	  0.733777	  0.415856	 -0.424827	  0.804106	  331.90	        1053	    16	 1.57493e+19	-2.36627e+19	   4.95934	  66.61856	 243.75913	    0.047379	  844.400496	 1.38429e+06
      1473	1.00	    0.85103367	   47.77759830	    5.19218013	  -91.46	   36.90	  126.23	 6.04332e+13	    797.49	  607.29	    246.07	  645.94	  0.031786	      0.4381	     -0.4705	      -0.766	  1.000000	  0.397764	  0.855248	 -0.332168	  0.765526	  0.804043	 -0.499318	 -0.322795	  0.625730	  0.441927	  0.138681	  0.886266	  330.60	       998.8	    16	 1.26075e+19	-2.03977e+19	  16.67871	 111.47276	  60.01483	    0.028271	  807.341409	 1.37417e+06
      1365	1.00	   41.73211745	    1.72518671	   11.33712169	 -219.31	  168.85	 -121.36	 5.60023e+13	    776.67	  557.75	    599.31	  626.36	  0.083927	     -0.5507	      -0.611	     -0.5687	  1.000000	  0.629971	 -0.677053	  0.380441	  0.777723	  0.772337	  0.597545	 -0.215487	  0.559373	 -0.081435	  0.429580	  0.899350	  331.67	       988.1	    15	 1.09856e+19	-1.63999e+19	  11.78310	 156.41584	  75.33758	    0.066272	  787.530121	 1.23148e+06
      1119	1.00	   21.30011922	   20.27645299	   28.92047332	 -761.09	  180.66	 -221.04	 4.59096e+13	    229.19	  913.59	    188.89	 1260.09	  0.077725	     -0.1154	     -0.9431	      -0.312	  1.000000	  0.992464	 -0.091055	  0.081996	  0.884641	 -0.115425	 -0.470127	  0.875019	  0.846269	  0.041127	  0.877889	  0.477094	10580.35	         312	    15	 3.64481e+19	-3.02027e+19	   6.74734	  19.16568	 155.67285	    0.043680	 1313.284548	 2.00884e+06
      1027	1.00	   24.62921896	   30.46401414	   11.39139976	  136.24	  -39.65	  144.33	  4.2135e+13	    709.26	  553.61	    303.19	  591.77	  0.021490	      -0.849	      0.5273	    -0.03402	  1.000000	  0.816198	  0.402001	 -0.414990	  0.909584	 -0.051064	  0.765638	  0.641242	  0.817274	 -0.575512	  0.502189	 -0.645439	  327.67	       848.9	    15	 7.37772e+18	-1.16676e+19	   6.12821	  12.80951	 172.05223	    0.019186	  714.829203	 1.18179e+06
       933	1.00	   29.19186827	   17.64502534	   29.80248429	 -114.28	  270.69	 -135.85	 3.82785e+13	    683.98	  521.38	    317.23	  563.91	  0.033599	      0.6591	      0.4621	     -0.5933	  1.000000	 -0.102784	  0.951646	 -0.289492	  0.813228	  0.737622	  0.268174	  0.619675	  0.671281	  0.667345	 -0.149842	 -0.729519	  331.92	       847.2	    14	 6.08608e+18	-9.58575e+18	  14.56484	  45.68645	  68.24056	    0.029286	  693.805937	 1.02106e+06
       872	1.00	   38.48862824	    9.90633753	    5.48390839	  -34.68	   43.45	   37.08	 3.57758e+13	    668.40	  531.06	    240.91	  549.47	  0.019938	      0.6994	     -0.1246	      0.7038	  1.000000	  0.898560	 -0.436441	  0.045923	  0.930377	  0.426610	  0.844159	 -0.324652	  0.833282	  0.102925	  0.311311	  0.944718	  332.42	         822	    14	 5.40057e+18	-8.92826e+18	   7.35453	  23.52265	  86.83195	    0.018454	  678.515600	 1.00859e+06
       840	1.00	   20.63361681	   49.81712959	   45.87786778	  -78.86	 -216.53	  106.46	 3.44629e+13	    663.61	  501.02	    352.99	  577.80	  0.019362	     -0.1562	     -0.5758	     -0.8025	  1.000000	  0.331188	  0.943075	  0.030387	  0.717404	  0.558303	 -0.221822	  0.799433	  0.666541	  0.760666	 -0.247797	 -0.599987	  327.20	       836.3	    14	 5.75286e+18	-7.30684e+18	  21.36278	  89.33228	 187.76655	    0.012303	  668.346645	      650156
       805	1.00	   32.90081940	   40.60515562	   10.37964429	  126.75	 -198.67	    8.66	  3.3027e+13	    658.72	  564.42	    153.64	  553.10	  0.009493	      -0.441	     -0.4324	     -0.7865	  1.000000	  0.605939	  0.624742	 -0.492478	  0.897395	  0.414243	  0.280722	  0.865793	  0.839013	 -0.679147	  0.728624	  0.088694	  320.61	       782.5	    14	 5.05182e+18	-9.03362e+18	   5.55942	  14.02676	  64.14545	    0.010039	  656.699641	 1.18779e+06
       750	1.00	   39.33441444	    5.88335308	    9.10601969	   44.18	  -83.39	  -61.88	 3.07705e+13	    635.82	  509.45	    168.39	  513.46	  0.016735	      0.9772	    -0.06009	      0.2039	  1.000000	 -0.663961	  0.677041	 -0.317445	  0.839223	 -0.235644	  0.213449	  0.948109	  0.788393	  0.709668	  0.704311	  0.017819	  332.15	       780.6	    14	 4.05623e+18	-6.99347e+18	  10.80488	  33.68727	  75.87359	    0.016028	  645.181852	      922539
       674	1.00	   13.90655792	   20.34940485	   15.72222636	   16.94	  158.86	  271.66	 2.76524e+13	    614.18	  517.10	    168.11	  508.65	  0.015062	      0.6173	     -0.2277	     -0.7531	  1.000000	  0.435195	 -0.323974	  0.840027	  0.842608	  0.874084	  0.375695	 -0.307945	  0.802049	 -0.215828	  0.868271	  0.446681	  331.17	       741.4	    14	 3.57717e+18	-6.31102e+18	  13.99701	  30.42304	 100.12137	    0.015221	  622.303012	      875828
       619	1.00	   28.93663654	   31.73029451	   12.78179185	  247.82	   -5.63	  104.01	 2.53959e+13	    597.00	  492.01	    211.49	  512.07	  0.090509	     -0.1247	     -0.1461	     -0.9814	  1.000000	  0.933972	 -0.357262	  0.007760	  0.878555	  0.326395	  0.844035	 -0.425525	  0.681936	  0.145474	  0.399961	  0.904913	  331.17	       726.4	    13	  3.3296e+18	-5.21688e+18	  18.75455	  44.68749	  97.10928	    0.081579	  604.890977	      740552
       541	1.00	   49.27545351	   19.66921942	    0.37968055	 -152.24	 -124.34	   16.22	 2.21958e+13	    574.27	  494.58	    143.33	  487.65	  0.018102	     -0.6389	     -0.5825	      0.5025	  1.000000	  0.773099	  0.552789	  0.311033	  0.855808	 -0.427226	  0.091371	  0.899516	  0.780873	 -0.468823	  0.828297	 -0.306805	  325.18	         667	    13	 2.63906e+18	-4.64425e+18	   5.08941	  24.46971	 101.30555	    0.018873	  576.578599	      972223
       487	1.00	   40.01866917	   12.85251704	    5.64038825	 -146.02	 -296.27	   39.23	 1.99803e+13	    551.31	  448.12	    112.70	  460.36	  0.029039	      0.8676	      0.4602	      0.1887	  1.000000	  0.445361	  0.488333	  0.750456	  0.926009	 -0.852340	  0.487896	  0.188344	  0.817046	  0.274170	  0.723525	 -0.633516	  330.83	         669	    13	  2.1172e+18	-3.53442e+18	  11.98267	  34.69482	  50.95524	    0.027704	  558.320901	      719190
       486	1.00	   35.21709236	    9.59661709	    2.49194638	  131.55	  -31.03	  100.32	 1.99393e+13	    552.17	  439.43	    151.04	  465.59	  0.027822	      0.9601	      -0.275	     0.04973	  1.000000	  0.894300	 -0.239112	  0.378224	  0.927472	 -0.181262	  0.579215	  0.794767	  0.768185	  0.409111	  0.779317	 -0.474650	  328.62	       681.4	    13	 2.16116e+18	-3.32917e+18	  18.64849	  23.50307	  89.93162	    0.024165	  557.314949	      652068
       458	1.00	   34.16311750	   21.60204053	   18.96113734	  -69.80	  157.21	   77.38	 1.87905e+13	    540.06	  413.05	    301.94	  426.46	  0.077110	     -0.6431	       0.437	      0.6288	  1.000000	  0.908551	  0.005396	  0.417739	  0.794061	  0.095724	  0.970626	 -0.220731	  0.706308	 -0.406659	  0.240533	  0.881347	  331.00	       648.3	    12	  1.7087e+18	-2.74151e+18	  10.80921	  76.29862	 225.76223	    0.066092	  547.056229	      550751
       456	1.00	   34.76929749	    5.36785825	    3.90968990	   49.55	  230.36	  145.55	 1.87085e+13	    539.78	  417.03	    213.93	  425.63	  0.018393	     -0.4328	     -0.8959	     -0.1008	  1.000000	 -0.397405	  0.496670	  0.771614	  0.768216	  0.160701	  0.865538	 -0.474361	  0.657905	  0.903462	  0.064514	  0.423785	  330.06	       646.6	    12	 1.69465e+18	-2.93689e+18	  11.42417	  39.53097	 115.42472	    0.017361	  545.999546	      620959
       451	1.00	   25.79411179	   43.26654238	    2.74446392	   17.71	  -49.98	  -60.81	 1.85033e+13	    539.04	  486.03	    108.14	  447.01	  0.021924	      0.9295	      0.1089	     -0.3524	  1.000000	  0.800347	  0.477853	 -0.362079	  0.995780	 -0.586249	  0.750215	 -0.305761	  0.969991	  0.125528	  0.456984	  0.880573	  327.78	       628.1	    12	 1.84866e+18	-3.59864e+18	   8.17891	  10.11805	  78.42844	    0.024817	  543.368316	      803707
       450	1.00	   35.63876766	   42.30184327	   16.12357686	  176.20	 -263.30	  -90.52	 1.84623e+13	    537.24	  430.71	    166.74	  470.13	  0.063912	      0.2805	      -0.247	     -0.9275	  1.000000	  0.958952	  0.141716	  0.245615	  0.945977	 -0.203562	  0.947044	  0.248335	  0.757670	 -0.197415	 -0.288140	  0.937018	  330.36	       666.6	    12	 2.04032e+18	-2.94428e+18	  21.32535	  23.44011	 104.41763	    0.052023	  543.678810	      548563
       443	1.00	   39.36735220	   28.66460171	   38.83983267	 -197.51	 -196.92	  -16.11	 1.81751e+13	    533.76	  444.90	    173.32	  442.25	  0.036132	     -0.9738	    -0.09077	      0.2084	  1.000000	  0.187394	  0.962144	 -0.197893	  0.889592	  0.669487	  0.022320	  0.742488	  0.764357	  0.718798	 -0.271625	 -0.639961	  331.62	       632.7	    12	  1.7774e+18	-3.10222e+18	  11.22058	  10.43417	  98.76445	    0.036051	  541.187310	      640099
       439	1.00	   30.78145537	   17.57950488	   31.32165269	 -296.87	  -51.17	 -281.04	  1.8011e+13	    533.13	  383.89	    307.08	  410.69	  0.058286	      0.2307	      0.0608	     -0.9711	  1.000000	  0.244588	  0.921257	  0.302427	  0.862176	  0.635614	 -0.387874	  0.667495	  0.717238	  0.732238	  0.028965	 -0.680433	  329.79	       667.2	    12	 1.51893e+18	-2.47092e+18	  14.77603	  35.09793	  44.53822	    0.049717	  539.054381	      546010
       401	1.00	   12.25123020	   23.27711639	   16.01610279	  214.44	 -173.54	   60.71	 1.64519e+13	    518.48	  433.22	    133.28	  430.03	  0.052520	      0.6721	     -0.6578	      0.3399	  1.000000	  0.610929	  0.639532	 -0.466653	  0.810380	 -0.186433	  0.689083	  0.700291	  0.724886	  0.769421	 -0.340828	  0.540211	  327.51	       633.7	    12	 1.52117e+18	-2.56173e+18	  16.55606	  21.12792	  77.40895	    0.050566	  522.425725	      605715
       395	1.00	    4.70649940	   43.69030684	   40.08605826	   74.39	   -6.54	  129.33	 1.62058e+13	    514.61	  438.61	    115.51	  438.14	  0.019038	     0.08849	     -0.6823	      0.7257	  1.000000	 -0.132257	  0.870251	  0.474523	  0.911989	  0.911764	 -0.080988	  0.402651	  0.716607	 -0.388838	 -0.485906	  0.782752	  329.95	       611.8	    12	  1.5555e+18	-2.63129e+18	  12.35925	  49.57616	  63.54579	    0.018849	  520.450720	      657369
       389	1.00	   21.28652255	   40.52813348	    2.33637121	   22.53	   54.78	  -55.67	 1.59596e+13	    510.68	  450.55	    143.16	  443.77	  0.041153	     -0.3076	     -0.8202	      0.4823	  1.000000	 -0.342758	  0.878121	  0.333798	  0.886179	  0.612737	 -0.060361	  0.787978	  0.868243	  0.712089	  0.474616	 -0.517368	  332.49	       595.4	    12	 1.57148e+18	-2.72484e+18	   5.71795	  17.17159	  75.79544	    0.042676	  518.465184	      739346
       383	1.00	   29.15474150	   20.06984768	   26.72730470	 -364.00	  -54.54	  166.11	 1.57135e+13	    510.01	  401.42	    168.67	  413.72	  0.027170	      0.8742	      0.4427	      0.1993	  1.000000	  0.831910	  0.419584	 -0.363145	  0.827686	  0.533733	 -0.425960	  0.730539	  0.728588	 -0.151838	  0.801566	  0.578306	  328.65	       625.8	    12	 1.34478e+18	-2.17147e+18	  10.35583	  33.24393	 127.91090	    0.024212	  514.787447	      529959
       382	1.00	   12.62124664	   26.99596457	   34.26985364	  244.68	 -214.39	  -17.00	 1.56724e+13	    508.16	  415.78	    139.19	  399.87	  0.030234	     -0.9134	      0.1972	      0.3561	  1.000000	 -0.628814	  0.775908	 -0.050592	  0.945599	  0.705378	  0.596612	  0.382748	  0.813382	 -0.327161	 -0.204991	  0.922466	  331.38	       627.1	    12	 1.25296e+18	-2.25861e+18	  19.94960	  29.81493	  82.91812	    0.029739	  515.048445	      528169
       382	1.00	   36.64367728	   20.25881737	   10.76298626	   32.75	   32.56	   81.90	 1.56724e+13	    510.40	  398.08	    222.88	  421.75	  0.039245	      0.8651	     -0.4803	      -0.145	  1.000000	 -0.446724	  0.892299	  0.065115	  0.790036	 -0.189172	 -0.165341	  0.967924	  0.728579	  0.874443	  0.420077	  0.242660	  327.05	       620.1	    12	 1.39385e+18	-2.15695e+18	  10.58714	  45.56661	 128.28737	    0.033701	  513.920360	      520617
       378	1.00	   31.74555620	   24.48846410	   25.95050659	 -191.10	 -226.20	 -102.95	 1.55083e+13	    506.27	  413.50	    158.13	  422.71	  0.005029	     -0.1841	      0.2527	      0.9499	  1.000000	 -0.241853	  0.930713	  0.274373	  0.968653	 -0.439749	 -0.357196	  0.824034	  0.804058	  0.864944	  0.078640	  0.495669	  331.61	       603.2	    12	 1.38556e+18	-2.27585e+18	  10.00366	  18.96452	 118.21922	    0.004695	  513.302916	      571330
       375	1.00	    2.27185211	    6.02958249	    5.15326267	  -39.69	   27.09	  -21.28	 1.53852e+13	    504.86	  395.45	    213.47	  405.68	  0.035814	     -0.3021	     -0.9311	      0.2044	  1.000000	  0.569947	  0.676165	  0.466864	  0.843245	 -0.495475	 -0.170446	  0.851735	  0.693793	  0.655488	 -0.716763	  0.237878	  331.74	         608	    12	 1.26603e+18	-2.13814e+18	   6.30619	  40.75248	 120.25420	    0.033310	  511.976136	      561862
       372	1.00	   42.62653462	   41.29303464	   16.93746140	 -188.98	  -87.10	 -158.27	 1.52622e+13	    507.94	  365.25	    185.46	  387.92	  0.032058	       0.855	      0.2328	     -0.4634	  1.000000	 -0.282727	  0.802081	 -0.526053	  0.928110	 -0.025225	  0.542022	  0.839986	  0.620061	  0.958869	  0.250756	 -0.133012	  323.12	       644.7	    12	 1.14832e+18	-1.82143e+18	  19.88929	  13.26412	 112.06570	    0.026486	  508.372424	      413591
       364	1.00	   30.06478051	   31.45959232	   13.15752677	  -42.49	 -202.56	  110.72	 1.49339e+13	    499.53	  453.08	     48.72	  438.92	  0.032681	      -0.149	     -0.4047	     -0.9022	  1.000000	  0.866644	 -0.233361	  0.440988	  0.798958	  0.465754	  0.695309	 -0.547374	  0.733250	 -0.178888	  0.679770	  0.711274	  332.43	       587.5	    12	  1.4385e+18	-2.48647e+18	   4.26313	  11.93021	  25.05461	    0.034145	  507.095035	      838637
       360	1.00	   20.69767452	   27.58868071	   13.23703260	  159.40	  -48.75	   95.83	 1.47698e+13	    504.87	  403.65	    176.37	  400.89	  0.041367	     0.08994	      0.8206	     -0.5644	  1.000000	  0.734146	  0.385566	 -0.558899	  0.882730	  0.125854	  0.731596	  0.670021	  0.814726	 -0.667225	  0.562233	 -0.488573	  318.45	         606	    12	 1.18685e+18	-2.15791e+18	   6.14511	  13.86871	  61.61292	    0.042290	  501.625276	      583927
       360	1.00	   36.11831427	   34.41379034	   26.71005400	  -95.80	 -133.62	 -178.10	 1.47698e+13	    497.76	  422.37	    139.46	  413.35	  0.017360	    -0.05039	     -0.5473	      0.8354	  1.000000	 -0.121702	  0.456689	  0.881262	  0.795817	  0.984545	 -0.057107	  0.165559	  0.680864	  0.125935	  0.887792	 -0.442681	  332.29	         604	    12	 1.26177e+18	-2.22079e+18	   6.69483	  28.35766	  50.39275	    0.017512	  505.195681	      595064
       356	1.00	   36.10982528	   41.67232445	   16.63571854	 -111.13	  -80.88	 -336.71	 1.46057e+13	    465.01	  400.38	    210.98	  389.56	  0.023743	    -0.02773	     -0.9463	      0.3222	  1.000000	  0.768019	 -0.325924	  0.551290	  0.913006	 -0.442333	  0.352547	  0.824653	  0.826245	  0.463130	  0.877203	 -0.126596	  403.03	       569.4	    12	 1.10826e+18	-2.00712e+18	   6.92771	  17.37964	 162.11717	    0.022664	  519.772173	      525924
       353	1.00	   46.95943910	   11.32058791	    0.35268895	 -126.46	   57.60	  182.30	 1.44826e+13	    500.38	  404.54	    154.84	  402.86	  0.032564	    -0.03785	     -0.9436	       0.329	  1.000000	 -0.693231	  0.720685	  0.006649	  0.893353	  0.660448	  0.638927	 -0.394438	  0.822349	  0.288514	  0.269045	  0.918899	  320.75	       595.8	    12	 1.17521e+18	 -2.0667e+18	  10.20888	  16.87954	 115.48655	    0.032385	  498.950771	      568190
       339	1.00	   31.02348949	   16.03212612	   25.79070295	 -169.83	  288.25	  187.96	 1.39083e+13	    488.51	  374.71	    256.43	  414.30	  0.098107	     -0.4332	     -0.4097	      0.8028	  1.000000	  0.944025	 -0.295963	  0.145681	  0.862765	 -0.253886	 -0.369906	  0.893706	  0.668666	  0.210615	  0.880668	  0.424342	  331.03	         608	    12	 1.19362e+18	-1.59956e+18	  33.14552	  45.97737	 166.87152	    0.067739	  494.861150	      330201
       329	1.00	   38.18978167	    3.32434130	    8.42949284	  203.92	  252.09	  147.59	  1.3498e+13	    488.03	  379.70	    138.90	  382.50	  0.096703	      0.4245	      0.8675	      0.2595	  1.000000	  0.675527	 -0.565964	  0.472597	  0.926010	  0.736927	  0.496890	 -0.458300	  0.843290	  0.024552	  0.657864	  0.752737	  322.21	       587.8	    12	 9.87419e+17	-1.72414e+18	   9.15712	  27.77039	 101.45364	    0.092639	  487.745517	      544579
       328	1.00	   39.64231990	   11.55295890	    6.14362806	 -175.34	  -78.22	 -277.01	  1.3457e+13	    482.45	  409.60	    100.22	  393.08	  0.028728	       0.647	     -0.7299	     -0.2206	  1.000000	  0.154590	  0.898183	 -0.411546	  0.896804	  0.318231	  0.349085	  0.881401	  0.782993	  0.935324	 -0.267222	 -0.231865	  332.51	       577.9	    12	 1.03965e+18	-1.86065e+18	   7.70731	  27.73027	  73.18984	    0.028973	  489.813219	      632795
       319	1.00	   27.97409125	    8.57438510	    1.76147357	  155.28	  -59.18	 -153.00	 1.30877e+13	    481.94	  362.80	    318.77	  366.85	  0.058833	     -0.3841	     -0.7059	     -0.5952	  1.000000	  0.804260	 -0.569261	 -0.170609	  0.653841	  0.073436	 -0.189686	  0.979095	  0.607997	  0.589722	  0.799976	  0.110753	  324.41	       596.9	    12	  8.8065e+17	-1.38404e+18	  28.21133	  28.23106	 210.85030	    0.047748	  483.301420	      313453
       316	1.00	   11.26135101	    7.89427162	    0.50701205	  160.74	  -69.44	   -6.63	 1.29646e+13	    478.40	  357.03	    269.02	  380.10	  0.016320	     0.05057	      0.3872	      0.9206	  1.000000	  0.512945	  0.557502	  0.652747	  0.898139	 -0.854909	  0.263052	  0.447140	  0.754836	 -0.077575	  0.787397	 -0.611545	  328.53	       609.7	    11	 9.36516e+17	-1.34775e+18	  41.99957	  22.14259	 183.27275	    0.012041	  482.796796	      297724
       304	1.00	    2.27991851	   31.98697253	   15.52353595	 -107.63	  -97.85	  -94.65	 1.24723e+13	    471.49	  411.38	    129.05	  397.58	  0.010079	       0.813	      0.3748	     -0.4455	  1.000000	  0.788276	 -0.571079	  0.229106	  0.865878	 -0.233262	  0.067204	  0.970089	  0.671137	  0.569394	  0.818140	  0.080235	  330.16	       552.3	    11	 9.85727e+17	-1.73704e+18	  11.99895	  18.02868	  67.51713	    0.010373	  477.000446	      544040
       287	1.00	   37.69130930	   32.72541503	   11.32635081	 -344.67	   -8.78	  211.35	 1.17748e+13	    465.85	  385.40	    136.60	  373.99	  0.013605	      0.4028	      0.5014	     -0.7658	  1.000000	  0.705225	  0.359286	 -0.611205	  0.780215	  0.073739	  0.820241	  0.567246	  0.687028	 -0.705138	  0.445106	 -0.551961	  323.16	       546.4	    11	 8.23472e+17	-1.52232e+18	   9.12790	  37.44056	  73.96574	    0.014217	  466.269249	      500444
       272	1.00	   29.02067995	   17.55392660	   27.95090879	  -43.24	  444.89	  353.88	 1.11594e+13	    458.74	  343.74	    231.74	  361.83	  0.025918	      0.9432	      0.2538	      0.2143	  1.000000	  0.763842	 -0.135322	 -0.631057	  0.786942	  0.644695	  0.205756	  0.736229	  0.697695	 -0.030216	  0.969202	 -0.244407	  320.74	       544.2	    11	 7.30487e+17	-1.21237e+18	   8.90721	  34.54916	 117.06572	    0.023548	  457.426996	      434443
       265	1.00	   35.86397529	    9.60642695	    2.94949603	 -154.21	  -80.73	   29.77	 1.08722e+13	    395.63	  360.42	    209.03	  387.63	  0.016580	      0.6246	   -0.009767	     -0.7809	  1.000000	  0.984552	 -0.144628	  0.098694	  0.902354	  0.079055	  0.870120	  0.486459	  0.742594	 -0.156231	 -0.471142	  0.868111	  487.13	       473.7	    11	 8.16798e+17	-1.29377e+18	  10.15329	  19.88904	 110.44140	    0.014286	  486.178705	      471405
       261	1.00	   18.52905684	   23.57777834	   34.90185091	  218.73	 -109.08	 -274.33	 1.07081e+13	    448.26	  328.02	    277.26	  333.43	  0.015959	     -0.3192	     -0.8478	     -0.4235	  1.000000	  0.598287	  0.801262	  0.005689	  0.956921	 -0.465678	  0.341918	  0.816233	  0.728643	  0.652071	 -0.490990	  0.577695	  329.87	       564.9	    11	 5.95227e+17	-1.00519e+18	  17.48171	  19.79355	 171.48849	    0.013777	  453.289309	      320823
       257	1.00	   32.33909896	   29.07773482	   24.41622032	   97.63	 -264.65	 -277.73	  1.0544e+13	    446.17	  338.53	    176.70	  344.88	  0.014714	      0.3971	      0.9164	    -0.04956	  1.000000	 -0.142793	 -0.587266	  0.796699	  0.881260	  0.744878	  0.466286	  0.477216	  0.764770	  0.651742	 -0.661586	 -0.370859	  329.38	       537.3	    11	 6.27052e+17	-1.10079e+18	  13.63228	  30.67973	 129.76427	    0.013835	  450.851156	      417522
       256	1.00	   33.91464305	    9.26674438	    1.49665082	  350.36	   52.88	  195.28	  1.0503e+13	    445.31	  347.28	    129.05	  393.09	  0.060738	      0.5675	      -0.822	     0.04725	  1.000000	  0.165711	  0.312866	  0.935230	  0.920106	  0.858364	  0.421156	 -0.292982	  0.838637	 -0.485542	  0.851318	 -0.198763	  330.00	       538.1	    11	 8.11461e+17	-1.14299e+18	  14.16948	  25.19145	  69.47263	    0.047917	  453.030576	      465469
       251	1.00	   35.64137559	   38.01894822	   16.30800439	   63.55	 -206.67	 -225.05	 1.02979e+13	    446.24	  339.47	    211.93	  339.84	  0.033222	     -0.8743	     -0.4446	     -0.1948	  1.000000	 -0.704754	  0.709439	 -0.004306	  0.880045	  0.588094	  0.587584	  0.555780	  0.792537	 -0.396822	 -0.389156	  0.831318	  321.54	       547.9	    11	 5.94661e+17	-1.04743e+18	  21.96134	  13.26609	 129.00675	    0.031272	  445.521608	      349699
       250	1.00	   45.24473314	   36.06603848	   18.79625345	 -235.39	  -34.77	 -152.37	 1.02568e+13	    440.70	  364.27	    119.70	  366.63	  0.016725	      0.1159	     -0.8412	     -0.5281	  1.000000	 -0.632961	  0.747052	 -0.203160	  0.917859	  0.653531	  0.374908	 -0.657527	  0.828428	  0.415040	  0.548960	  0.725524	  332.49	       519.1	    11	 6.89332e+17	-1.16775e+18	   9.05541	  18.71168	  86.41235	    0.016147	  447.419926	      469415
       236	1.00	   16.24425600	   26.32638623	   12.56950247	  205.60	  -77.35	  193.33	 9.68244e+12	    433.83	  355.46	    139.53	  340.52	  0.051544	      0.8693	     -0.1331	       0.476	  1.000000	  0.861161	 -0.477698	 -0.173800	  0.928687	  0.504532	  0.761485	  0.406924	  0.873234	 -0.062041	 -0.438115	  0.896776	  329.02	       519.3	    11	 5.61359e+17	-1.01406e+18	   8.37324	  12.56618	 105.07300	    0.050875	  438.141066	      388418
       236	1.00	   47.85157197	   41.93552046	    9.92807902	 -154.10	   98.92	 -109.53	 9.68244e+12	    437.13	  353.87	     96.68	  362.47	  0.052985	       0.262	     -0.8119	      0.5217	  1.000000	  0.494965	  0.518863	 -0.696987	  0.905109	  0.584547	  0.394653	  0.708910	  0.764445	 -0.642895	  0.758308	  0.107961	  321.64	       523.7	    11	 6.36074e+17	-1.03518e+18	  10.08035	  24.44643	  71.49353	    0.049291	  436.486546	      436366
       227	1.00	   16.76884337	    2.95869677	   33.66833408	  129.13	  102.66	  139.58	  9.3132e+12	    432.88	  341.68	    197.75	  360.29	  0.041203	      0.8145	      0.4795	     -0.3266	  1.000000	  0.556836	 -0.411862	  0.721320	  0.617800	  0.292260	 -0.715729	 -0.634285	  0.543830	  0.777507	  0.564006	 -0.278173	  318.56	       517.5	    11	 6.04465e+17	-9.63386e+17	  15.92800	  22.12111	  31.78428	    0.037606	  430.177093	      376371
       226	1.00	   34.81065391	   40.92289218	   10.82379114	 -202.16	  -29.12	  118.77	 9.27217e+12	    428.92	  332.46	    114.71	  334.41	  0.021596	      0.5501	      0.3928	      -0.737	  1.000000	 -0.668766	  0.743221	  0.019376	  0.929806	 -0.006253	 -0.031684	  0.999478	  0.916471	  0.743447	  0.668296	  0.025836	  326.02	       524.3	    11	 5.18455e+17	-8.95936e+17	  18.12750	  21.13839	  67.68829	    0.020210	  431.204436	      342476
       222	1.00	   46.00364305	   18.31165148	   49.35084963	  -91.21	  -83.81	   -0.69	 9.10806e+12	    429.76	  311.62	    263.64	  343.68	  0.068396	     -0.9577	    -0.09568	     -0.2715	  1.000000	  0.960753	 -0.066942	 -0.269207	  0.890807	  0.187436	  0.872064	  0.452075	  0.719819	  0.204503	 -0.484792	  0.850385	  318.39	       538.8	    11	 5.37918e+17	-7.84506e+17	  21.14200	  37.02537	 126.67983	    0.052717	  426.955898	      294964
       214	1.00	   21.00504780	   26.39065428	   14.47492800	   69.87	 -122.98	 -214.89	 8.77984e+12	    418.85	  328.41	    214.49	  338.14	  0.081238	      0.6278	      -0.775	     -0.0725	  1.000000	 -0.004923	 -0.287949	  0.957633	  0.799292	  0.763038	  0.617885	  0.189713	  0.653745	  0.646335	 -0.731644	 -0.216675	  331.52	       490.3	    10	 5.01929e+17	-8.31889e+17	  10.24299	  19.19227	 109.84108	    0.074179	  424.614712	      357983
       213	1.00	   49.46438745	   39.41860534	    7.20274914	  -30.41	  131.50	  143.80	 8.73882e+12	    419.12	  367.12	    116.95	  348.15	  0.030283	     0.03141	      0.4003	     -0.9158	  1.000000	  0.964430	  0.062242	  0.256904	  0.952579	  0.040541	  0.925555	 -0.376436	  0.895745	 -0.261209	  0.373461	  0.890110	  329.34	       488.7	    10	 5.29599e+17	-9.79237e+17	  13.50977	   6.83023	  84.99798	    0.032441	  423.485796	      425143
       212	1.00	   38.07185023	   26.95858364	   38.52271970	    4.62	 -111.49	  -21.08	 8.69779e+12	    418.22	  335.70	    100.55	  330.85	  0.017178	      0.6664	     -0.5615	      0.4905	  1.000000	  0.585203	  0.810647	  0.019739	  0.939227	  0.383977	 -0.298467	  0.873773	  0.722834	  0.714212	 -0.503755	 -0.485933	  329.90	       511.6	    10	 4.76043e+17	 -8.2421e+17	  16.18089	  24.18325	  56.85865	    0.016252	  422.943385	      346816
       206	1.00	   17.99071192	   26.98154570	   37.06556308	  109.58	 -319.75	   40.49	 8.45162e+12	    416.02	  312.75	    179.12	  323.34	  0.035029	       0.864	     -0.1949	      0.4643	  1.000000	  0.460432	  0.463615	  0.757009	  0.898823	 -0.172710	  0.883271	 -0.435894	  0.639851	  0.870731	 -0.069956	 -0.486757	  325.68	         508	    10	 4.41794e+17	-7.26155e+17	  13.05146	  12.10012	 102.13557	    0.030742	  418.017424	      311418
       198	1.00	   12.75288812	   39.78709854	    0.94683553	  145.13	  -39.40	 -356.05	 8.12341e+12	    408.16	  354.09	    104.22	  336.85	  0.035473	      0.4699	      0.8668	      0.1669	  1.000000	  0.502299	  0.616144	 -0.606681	  0.935744	  0.102567	  0.654206	  0.749330	  0.731633	  0.858589	 -0.438613	  0.265411	  331.46	       474.2	    10	 4.60862e+17	-8.40977e+17	  10.86482	  14.03678	  74.08477	    0.037092	  413.746007	      423281
       187	1.00	    6.06737302	    4.83582332	    1.19622910	   48.45	   32.44	  106.99	 7.67211e+12	    408.79	  349.86	     82.40	  329.80	  0.036024	      0.8107	    0.007076	     -0.5855	  1.000000	  0.962391	  0.265185	  0.058996	  0.900656	 -0.269683	  0.906351	  0.325268	  0.831430	  0.032785	 -0.328945	  0.943780	  311.62	       479.6	    10	 4.17246e+17	-7.76525e+17	   9.50809	  18.81088	  22.87965	    0.038805	  401.782079	      412775
       187	1.00	   38.11460501	   13.82247759	   30.10615221	 -257.01	  177.99	  -44.60	 7.67211e+12	    403.88	  315.53	    177.23	  300.38	  0.020214	       -0.58	     -0.1272	      0.8046	  1.000000	  0.926016	  0.059276	 -0.372800	  0.911516	  0.335575	  0.322998	  0.884908	  0.763314	 -0.172867	  0.944542	 -0.279210	  323.12	       488.1	    10	 3.46121e+17	-6.71688e+17	  22.05279	  26.38163	  59.10277	    0.020603	  404.216272	      307268
       187	1.00	   31.27461374	   23.45355771	   26.75153852	 -246.05	  -62.80	 -237.00	 7.67211e+12	    402.74	  339.52	    144.00	  347.75	  0.026491	      0.3872	      0.8864	      0.2538	  1.000000	  0.072194	  0.845699	 -0.528755	  0.902375	  0.764690	  0.293425	  0.573716	  0.851788	  0.640341	 -0.445752	 -0.625514	  325.88	       468.5	    10	 4.63905e+17	-7.63176e+17	   5.98802	  14.90097	  51.48413	    0.025851	  404.788754	      428103
       185	1.00	   13.24930146	    8.08831823	   49.54348064	  -81.26	  -97.67	  -50.84	 7.59005e+12	    403.04	  311.23	    212.29	  330.35	  0.054871	     -0.8011	      -0.171	     -0.5736	  1.000000	  0.812028	  0.422947	  0.402152	  0.860492	 -0.160175	  0.824115	 -0.543304	  0.736945	 -0.561209	  0.376763	  0.736949	  321.67	       477.5	    10	 4.14163e+17	 -6.4476e+17	   7.67648	  26.06338	 111.81717	    0.047528	  402.468036	      347030
       185	1.00	   32.83498173	   29.78755313	   19.24458553	  109.19	 -193.35	 -369.66	 7.59005e+12	    399.02	  306.58	    172.91	  313.19	  0.051598	     -0.9432	      -0.078	     -0.3231	  1.000000	  0.003200	  0.748583	  0.663033	  0.923458	 -0.311156	 -0.629377	  0.712086	  0.855149	  0.950354	 -0.208585	  0.230912	  331.48	       504.2	    10	  3.7224e+17	-5.83461e+17	   7.94551	  39.26402	 113.82279	    0.042560	  404.488853	      285145
       184	1.00	   40.12237426	    3.78969093	   10.26755674	  -10.62	 -176.16	 -139.77	 7.54902e+12	    398.45	  318.19	    126.59	  328.71	  0.049863	     -0.6889	     -0.6887	     -0.2262	  1.000000	  0.047459	  0.977408	 -0.205964	  0.852752	  0.409486	  0.169036	  0.896520	  0.798053	  0.911081	 -0.126887	 -0.392213	  331.11	         487	    10	 4.07844e+17	-6.56158e+17	  14.56071	  29.87887	  71.35198	    0.044805	  407.616795	      330308
       183	1.00	   21.11068297	   20.10564571	   29.42496784	 1853.22	 -158.57	 -916.43	   7.508e+12	    353.79	  384.09	     37.75	  404.79	  0.032228	     -0.2812	      0.7533	      0.5946	  1.000000	  0.852996	  0.273488	 -0.444524	  0.886985	  0.198578	  0.617593	  0.761016	  0.729584	 -0.482664	  0.737417	 -0.472496	  470.41	       405.7	    10	 6.15125e+17	 -9.2909e+17	   2.49913	  45.56513	  12.33348	    0.030851	  430.108566	      696221
       181	1.00	    0.61415813	   47.41746570	    5.37012372	  125.91	  522.77	 -162.44	 7.42594e+12	    231.76	  365.01	    176.22	  462.22	  0.067625	     -0.9168	     -0.3923	    -0.07506	  1.000000	 -0.562918	  0.703315	  0.434133	  0.874614	  0.416710	 -0.212105	  0.883948	  0.750009	  0.713776	  0.678498	 -0.173681	 1655.07	       299.6	    10	 7.93271e+17	-8.99263e+17	   3.11946	  21.04003	  44.77982	    0.030780	  526.475983	      552514
       181	1.00	   21.46063694	   30.04446909	   35.20088243	   34.62	 -308.70	   87.13	 7.42594e+12	    395.76	  305.13	    161.56	  308.27	  0.049009	     -0.1252	      0.6601	      0.7407	  1.000000	 -0.385357	 -0.434458	  0.814093	  0.848651	 -0.606707	  0.784020	  0.131219	  0.574476	  0.695274	  0.443350	  0.565716	  332.39	       491.7	    10	 3.52838e+17	-5.92786e+17	  19.41271	  24.24373	 103.22104	    0.043858	  401.736149	      254241
       175	1.00	   17.34187294	   20.67286358	   24.01183182	  228.85	 -347.09	  180.78	 7.17978e+12	    391.94	  296.24	    240.78	  294.04	  0.029817	    -0.08472	     -0.8951	      0.4377	  1.000000	  0.995609	  0.078914	 -0.050361	  0.820576	  0.069692	 -0.265627	  0.961554	  0.739456	 -0.062502	  0.960841	  0.269960	  330.87	       485.2	    10	 3.10387e+17	-5.58759e+17	  23.89433	  15.46389	  55.82318	    0.027943	  400.338858	      263763
       172	1.00	   40.24241489	    3.40071480	   10.63162268	  -89.30	   44.50	 -211.93	  7.0567e+12	    268.97	  378.79	     87.31	  378.48	  0.029366	     -0.4406	     -0.5425	     -0.7152	  1.000000	 -0.241419	  0.885779	 -0.396375	  0.953007	  0.204507	  0.445723	  0.871498	  0.782112	  0.948627	  0.129335	 -0.288754	 1006.17	       326.4	    10	 5.05431e+17	-8.70135e+17	  12.74882	  10.44707	  37.55001	    0.028107	  475.036520	      447024
       171	1.00	   26.86095193	   19.36163008	   27.76595471	 -393.65	  -66.97	  141.28	 7.01567e+12	    389.78	  323.20	     95.19	  332.81	  0.083765	      0.3459	     -0.7672	     -0.5402	  1.000000	  0.731100	  0.211528	  0.648652	  0.859028	 -0.409920	 -0.623812	  0.665450	  0.815340	 -0.545398	  0.752406	  0.369359	  328.70	         475	    10	 3.88532e+17	-6.09304e+17	  11.87326	  32.36966	  54.16584	    0.075531	  396.143716	      330362
       170	1.00	   49.02838792	   36.04693421	   10.60958774	  -98.18	   89.32	    1.28	 6.97464e+12	    392.41	  340.02	    121.97	  318.49	  0.033514	     -0.2583	      0.9441	      0.2046	  1.000000	 -0.324054	  0.564444	  0.759205	  0.841849	  0.392042	  0.810481	 -0.435229	  0.730001	  0.860984	 -0.156602	  0.483925	  320.25	       461.1	    10	 3.53742e+17	 -6.5712e+17	  20.40984	  16.71927	  68.00310	    0.035753	  390.994262	      325151
       170	1.00	   17.62477118	   24.74430456	   15.00845576	  111.97	  -28.56	  -45.45	 6.97464e+12	    390.96	  329.11	    102.56	  330.99	  0.034873	     -0.5304	     -0.8213	     -0.2102	  1.000000	  0.982196	  0.008632	 -0.187660	  0.936459	 -0.116218	  0.812760	 -0.570890	  0.632622	  0.147595	  0.582535	  0.799292	  323.84	       459.2	    10	 3.82057e+17	-6.37609e+17	   7.77400	  11.74008	  52.52733	    0.034082	  391.722328	      394345
       169	1.00	   47.47350381	   18.52437844	   10.33012164	 -150.49	  -64.68	  -15.92	 6.93361e+12	    389.47	  322.46	    186.32	  341.76	  0.055578	      0.4317	     -0.7231	      0.5392	  1.000000	 -0.080956	  0.786371	  0.612427	  0.911312	  0.987396	 -0.020565	  0.156928	  0.655744	 -0.135998	 -0.617412	  0.774795	  325.65	       460.4	    10	 4.04918e+17	 -6.0708e+17	  30.36872	  17.70043	  89.13687	    0.048504	  391.314420	      265166
       166	1.00	   14.47920808	   18.58619621	   21.82524803	  -56.93	   43.90	 -181.95	 6.81053e+12	    390.41	  374.66	     68.71	  336.50	  0.030348	    -0.05693	     -0.2673	     -0.9619	  1.000000	 -0.216693	 -0.482689	  0.848561	  0.848083	  0.265721	  0.807233	  0.527036	  0.778926	  0.939381	 -0.339686	  0.046661	  317.54	       459.2	    10	 3.85591e+17	-7.13201e+17	   8.85237	  20.54793	  38.50726	    0.034366	  388.787618	      403268
       166	1.00	   30.58957770	   14.62087056	   32.79020261	  -85.96	  329.27	 -296.83	 6.81053e+12	    387.19	  322.78	    140.01	  307.90	  0.023542	     -0.3235	     -0.5968	     -0.7342	  1.000000	  0.841329	 -0.539371	  0.035277	  0.917206	 -0.402644	 -0.581842	  0.706639	  0.846468	  0.360615	  0.608720	  0.706695	  325.55	       447.7	    10	 3.22818e+17	-6.05023e+17	  10.79285	  21.77263	  99.75168	    0.024640	  388.966242	      354142
       166	1.00	   47.94429059	   39.91692689	   34.15663400	   -2.29	 -135.15	   11.96	 6.81053e+12	    385.44	  322.76	     87.68	  331.96	  0.035699	       0.933	     -0.3541	     0.06465	  1.000000	 -0.013734	  0.830817	 -0.556377	  0.923298	  0.734949	  0.385673	  0.557770	  0.710099	  0.677984	 -0.401248	 -0.615904	  330.00	         464	    10	 3.75257e+17	-5.89766e+17	   8.92432	  17.56233	  65.20272	    0.032503	  389.846480	      350011
       166	1.00	   13.05992135	    8.44128590	   45.24826833	  139.32	  -52.37	  204.06	 6.81053e+12	    385.60	  328.19	    116.08	  310.63	  0.020500	      0.7221	      0.5848	     -0.3695	  1.000000	 -0.439430	  0.898251	 -0.006787	  0.814960	  0.306699	  0.157132	  0.938747	  0.765169	  0.844297	  0.410432	 -0.344541	  329.60	       451.8	    10	 3.28569e+17	-6.18337e+17	  14.16639	  16.88426	  85.97896	    0.021698	  389.768053	      335745
       165	1.00	   18.84513443	   46.88560844	   45.83945034	  386.07	  370.32	  610.25	 6.76951e+12	    384.24	  292.70	    163.32	  297.35	  0.055800	     -0.4495	     -0.7139	     -0.5369	  1.000000	  0.755522	  0.443278	 -0.482380	  0.966681	  0.357921	  0.337418	  0.870656	  0.765988	 -0.548706	  0.830454	 -0.096268	  331.10	       470.3	    10	  2.9927e+17	-5.11612e+17	  13.80693	  24.81393	  69.42152	    0.050774	  391.663264	      281596
       161	1.00	    3.93784484	    7.16363519	    4.61169073	  -57.48	 -102.25	   79.66	  6.6054e+12	    386.43	  274.92	    240.48	  279.28	  0.045098	    0.009683	       0.215	     -0.9766	  1.000000	  0.852051	  0.380483	 -0.359502	  0.807753	 -0.086907	  0.780073	  0.619623	  0.735354	  0.516194	 -0.496707	  0.697729	  317.60	       492.3	    10	 2.57597e+17	-4.44121e+17	  30.96000	  28.70852	 118.05388	    0.039528	  383.438467	      221467
       160	1.00	   32.79910248	   29.66895775	   23.17672347	   33.49	 -339.56	 -201.07	 6.56437e+12	    384.63	  312.21	    139.60	  344.77	  0.069742	     -0.4381	      0.5297	     -0.7263	  1.000000	  0.815527	  0.498493	 -0.293973	  0.885955	 -0.435671	  0.863197	  0.255111	  0.742018	  0.380928	 -0.079974	  0.921140	  320.08	       460.9	    10	 3.90135e+17	-5.38173e+17	  16.22641	  12.66436	  84.10117	    0.054671	  383.138465	      277296
