#r(1)	npart(2)	M_in_r(3)	ovdens(4)	dens(5)	vcirc(6)	sigv(7)	Lx(8)	Ly(9)	Lz(10)	a(11)	Eax(12)	Eay(13)	Eaz(14)	b(15)	Ebx(16)	Eby(17)	Ebz(18)	c(19)	Ecx(20)	Ecy(21)	Ecz(22)	Ekin(23)	Epot(24)	vesc(25)	
-13.9787	         5	2.051365e+11	   208376.78	   208376.78	  251.22	 1475.90	  -2.695e+11	   1.286e+12	  -1.611e+11	  1.000000	  0.966010	 -0.013085	 -0.258174	  0.670138	  0.255158	 -0.111939	  0.960398	  0.250335	  0.041467	  0.993629	  0.104796	2.234225e+17	-5.375504e+17	3233.122728
-17.6668	        11	4.513003e+11	   227088.17	   245455.60	  331.45	 1333.78	   1.678e+11	   9.293e+11	  -1.243e+12	  1.000000	  0.913633	 -0.295614	 -0.279083	  0.709353	  0.352055	  0.232014	  0.906767	  0.476020	  0.203302	  0.926705	 -0.316048	4.014245e+17	-1.179733e+18	3227.830145
-22.3280	        19	7.795188e+11	   194302.30	   162119.10	  387.49	 1258.28	   1.797e+12	   1.614e+12	  -7.575e+11	  1.000000	 -0.450280	  0.715710	  0.533860	  0.827497	  0.855733	  0.516592	  0.029201	  0.713950	  0.254889	 -0.469991	  0.845068	6.170976e+17	-2.032549e+18	3220.020676
-28.2191	        27	1.107737e+12	   136776.22	    80307.61	  410.88	 1230.47	   1.242e+12	   7.062e+11	  -1.824e+11	  1.000000	  0.730108	  0.682766	 -0.027790	  0.936428	 -0.517554	  0.579080	  0.629924	  0.786337	  0.446184	 -0.445530	  0.776159	8.385925e+17	-2.879761e+18	3209.130184
-35.6644	        46	1.887256e+12	   115432.26	    94480.64	  477.05	 1177.11	   9.169e+11	   2.287e+12	   4.179e+12	  1.000000	  0.891015	 -0.451778	 -0.044596	  0.913553	 -0.200546	 -0.479838	  0.854129	  0.848493	  0.407276	  0.752098	  0.518145	1.307486e+18	-4.877060e+18	3193.882409
-45.0742	        70	2.871911e+12	    87014.15	    59118.44	  523.47	 1300.13	   1.549e+12	  -6.453e+12	   1.898e+12	  1.000000	  0.853634	 -0.367857	 -0.368769	  0.897403	  0.088067	  0.799718	 -0.593881	  0.872874	  0.513375	  0.474481	  0.715062	2.427263e+18	-7.376720e+18	3175.689389
-56.9666	       122	5.005331e+12	    75123.22	    63450.87	  614.71	 1309.54	   8.264e+12	  -5.303e+12	  -1.068e+12	  1.000000	  0.986601	  0.156976	 -0.044460	  0.893993	 -0.106144	  0.824531	  0.555772	  0.750282	  0.123902	 -0.543606	  0.830145	4.291805e+18	-1.271511e+19	3151.265720
 71.9967	       223	9.149089e+12	    68020.80	    61048.94	  739.26	 1341.18	  -2.292e+12	  -1.094e+12	  -2.312e+13	  1.000000	  0.982779	 -0.119646	  0.140820	  0.863169	 -0.059413	  0.517014	  0.853913	  0.837959	  0.174973	  0.847574	 -0.501002	8.228498e+18	-2.289310e+19	3116.111633
 90.9924	       333	1.366209e+13	    50315.71	    32936.08	  803.57	 1331.64	    2.78e+12	  -3.232e+13	   1.067e+13	  1.000000	  0.979709	 -0.145281	  0.138073	  0.907926	 -0.095461	  0.267501	  0.958817	  0.873958	  0.176233	  0.952542	 -0.248204	1.211318e+19	-3.368032e+19	3071.251892
115.0000	       538	2.207269e+13	    40268.38	    30405.74	  908.54	 1374.18	  -1.053e+13	  -1.059e+13	   2.175e+13	  1.000000	  0.874352	 -0.344129	  0.342175	  0.810646	 -0.127431	  0.517542	  0.846116	  0.788659	  0.468263	  0.783407	 -0.408661	2.084066e+19	-5.315235e+19	3013.880053
145.3417	       808	3.315006e+13	    29958.20	    19837.55	  990.41	 1419.98	   3.945e+13	  -1.611e+14	  -7.104e+13	  1.000000	  0.874014	 -0.232599	  0.426611	  0.825759	 -0.485895	 -0.413943	  0.769778	  0.784432	  0.002457	  0.880085	  0.474810	3.342112e+19	-7.770660e+19	2943.777672
183.6888	      1157	4.746859e+13	    21250.07	    12702.00	 1054.21	 1461.10	  -9.089e+13	  -3.025e+14	  -1.219e+14	  1.000000	  0.934313	 -0.172968	  0.311674	  0.796756	 -0.351321	 -0.299005	  0.887226	  0.716581	  0.060270	  0.938444	  0.340132	5.066823e+19	-1.078231e+20	2859.420779
232.1535	      1630	6.687451e+13	    14829.86	     8527.67	 1113.04	 1510.92	  -1.024e+14	  -7.213e+14	  -1.605e+14	  1.000000	  0.938046	 -0.168810	  0.302611	  0.809477	 -0.328679	 -0.156922	  0.931314	  0.702997	  0.109729	  0.973077	  0.202684	7.633301e+19	-1.461093e+20	2761.639733
293.4052	      2185	8.964466e+13	     9847.44	     4956.61	 1146.29	 1554.73	  -3.385e+14	  -1.753e+15	  -2.343e+14	  1.000000	  0.930242	 -0.170551	  0.324902	  0.796111	 -0.341902	 -0.081363	  0.936207	  0.682927	  0.133236	  0.981984	  0.133999	1.083435e+20	-1.877822e+20	2650.608442
370.8175	      2925	1.200049e+14	     6530.11	     3273.75	 1179.74	 1565.27	  -9.522e+14	  -2.927e+15	  -2.839e+14	  1.000000	  0.934950	 -0.179215	  0.306188	  0.757110	 -0.336924	 -0.178162	  0.924522	  0.646321	  0.111137	  0.967543	  0.226955	1.470093e+20	-2.386303e+20	2528.510533
468.6545	      4012	1.646015e+14	     4436.88	     2382.14	 1229.02	 1559.27	  -1.346e+15	  -4.696e+15	  -6.162e+14	  1.000000	  0.950394	 -0.147516	  0.273844	  0.660460	 -0.286776	 -0.074606	  0.955088	  0.555582	  0.120461	  0.986242	  0.113209	2.000987e+20	-3.058927e+20	2390.442705
592.3048	      5230	2.145728e+14	     2865.11	     1322.23	 1248.19	 1541.84	   -2.93e+15	  -8.934e+15	  -1.612e+15	  1.000000	  0.961009	 -0.136875	  0.240263	  0.631534	 -0.255033	 -0.102951	  0.961436	  0.524058	  0.106861	  0.985224	  0.133844	2.550483e+20	-3.728384e+20	2234.701934
748.5792	      6439	2.641748e+14	     1747.35	      650.14	 1231.95	 1512.26	  -4.833e+15	  -1.109e+16	  -2.111e+15	  1.000000	  0.978739	 -0.129191	  0.159308	  0.671691	 -0.176484	 -0.134680	  0.975046	  0.567571	  0.104511	  0.982431	  0.154617	3.020728e+20	-4.302582e+20	2066.669011
946.0852	      7607	3.120947e+14	     1022.58	      311.13	 1191.09	 1470.66	    -7.2e+15	  -1.285e+16	  -4.469e+15	  1.000000	  0.985428	 -0.134633	  0.103948	  0.727368	 -0.123715	 -0.147926	  0.981230	  0.606820	  0.116730	  0.979792	  0.162426	3.375054e+20	-4.771997e+20	1893.093953
1195.7014	      8945	3.669892e+14	      595.64	      176.56	 1148.90	 1422.75	  -1.332e+16	  -1.921e+16	  -9.134e+15	  1.000000	  0.971612	 -0.161263	  0.173102	  0.786495	 -0.189486	 -0.092360	  0.977530	  0.644303	  0.141652	  0.982580	  0.120295	3.714355e+20	-5.219906e+20	1714.545810
1511.1767	     10083	4.136783e+14	      332.60	       74.39	 1085.03	 1381.21	   -1.47e+16	  -2.193e+16	  -1.317e+16	  1.000000	  0.977768	 -0.151040	  0.145452	  0.811130	 -0.142259	  0.031796	  0.989319	  0.652815	  0.154051	  0.988016	 -0.009602	3.945982e+20	-5.529435e+20	1534.460538
-18.7355	         7	2.871911e+11	   121164.48	   121164.48	  256.76	  786.26	    7.46e+11	  -1.841e+11	     6.7e+11	  1.000000	  0.292421	  0.598423	  0.745909	  0.717374	  0.875305	 -0.481633	  0.043253	  0.471251	  0.385138	  0.640250	 -0.664642	8.877231e+16	-3.001881e+17	2037.523902
-23.9710	        11	4.513003e+11	    90908.98	    63263.67	  284.55	  808.45	   1.242e+12	  -4.389e+11	   6.767e+11	  1.000000	  0.380289	  0.661141	 -0.646740	  0.809823	  0.765610	  0.167268	  0.621178	  0.688265	  0.518865	 -0.731378	 -0.442566	1.474821e+17	-4.697992e+17	2029.760977
-30.6696	        18	7.384915e+11	    71026.99	    52860.25	  321.80	  805.80	  -7.644e+11	  -2.275e+12	   1.917e+12	  1.000000	  0.898919	 -0.272600	 -0.342978	  0.862162	  0.192893	 -0.456634	  0.868492	  0.726210	  0.393367	  0.846861	  0.357894	2.397558e+17	-7.641990e+17	2018.713978
-39.2400	        35	1.435956e+12	    65941.03	    61293.85	  396.71	  863.70	   3.324e+12	  -3.684e+12	     5.1e+12	  1.000000	 -0.077607	  0.371193	  0.925307	  0.880582	  0.986449	  0.163156	  0.017284	  0.745457	 -0.144554	  0.914109	 -0.378825	5.355992e+17	-1.469332e+18	2002.492032
 50.2054	        62	2.543693e+12	    55772.00	    46480.26	  466.79	  859.47	  -1.782e+11	   1.498e+12	    1.21e+13	  1.000000	  0.695397	  0.512306	  0.503951	  0.868127	 -0.716156	  0.435947	  0.545042	  0.783200	  0.059532	 -0.739928	  0.670047	9.394909e+17	-2.568716e+18	1980.675354
 64.2349	       111	4.554031e+12	    47674.29	    40275.20	  552.18	  834.65	    2.11e+12	   2.302e+12	   1.555e+13	  1.000000	 -0.050733	  0.230096	  0.971845	  0.972547	  0.949712	  0.312177	 -0.024334	  0.858343	 -0.308987	  0.921738	 -0.234362	1.586271e+18	-4.506681e+18	1947.797456
 82.1850	       187	7.672106e+12	    38347.73	    29825.79	  633.62	  865.34	   3.008e+13	   1.759e+13	   2.815e+13	  1.000000	  0.864832	 -0.359299	  0.350670	  0.864760	  0.381763	  0.924244	  0.005472	  0.829865	 -0.326071	  0.129141	  0.936483	2.872515e+18	-7.400785e+18	1901.070016
105.1510	       268	1.099532e+13	    26240.35	    15177.50	  670.60	  855.02	   2.828e+13	   1.501e+13	   2.754e+13	  1.000000	  0.657822	 -0.644749	  0.389318	  0.869188	  0.737558	  0.656160	 -0.159570	  0.796949	 -0.152573	  0.392113	  0.907176	4.019157e+18	-1.030771e+19	1846.522123
134.5348	       406	1.665709e+13	    18980.07	    12346.14	  729.71	  874.37	   6.983e+13	   3.574e+13	   3.823e+13	  1.000000	 -0.033629	  0.990554	 -0.132937	  0.921318	  0.953296	  0.071739	  0.293393	  0.813920	 -0.300159	  0.116862	  0.946704	6.367380e+18	-1.496334e+19	1779.226542
172.1296	       543	2.227783e+13	    12120.16	     5852.07	  746.06	  879.34	   7.122e+13	   7.194e+13	   7.326e+13	  1.000000	  0.159882	  0.980398	 -0.115143	  0.919658	  0.962368	 -0.128841	  0.239267	  0.750396	 -0.219742	  0.149064	  0.964102	8.613018e+18	-1.922487e+19	1701.094959
220.2301	       702	2.880117e+13	     7481.39	     3242.82	  749.95	  878.84	   6.404e+13	   9.535e+13	   1.654e+14	  1.000000	  0.398932	  0.916947	  0.007871	  0.940439	  0.897598	 -0.392241	  0.201158	  0.762064	 -0.187538	  0.073183	  0.979527	1.112254e+19	-2.370133e+19	1618.828876
281.7719	       930	3.815539e+13	     4732.22	     2220.23	  763.13	  860.28	   7.881e+12	   1.733e+13	   2.778e+14	  1.000000	  0.433715	  0.892932	 -0.120681	  0.932636	  0.882931	 -0.394440	  0.254657	  0.736927	 -0.179790	  0.217002	  0.959472	1.411913e+19	-2.949503e+19	1528.557486
360.5112	      1210	4.964304e+13	     2939.71	     1301.84	  769.55	  850.29	   7.989e+13	   1.155e+13	   6.475e+14	  1.000000	  0.508622	  0.860082	 -0.039525	  0.916410	  0.824416	 -0.473265	  0.310418	  0.716975	 -0.248279	  0.190470	  0.949778	1.794595e+19	-3.578566e+19	1431.089702
461.2537	      1530	6.277177e+13	     1774.79	      710.37	  765.03	  835.04	   2.866e+14	  -1.467e+13	   9.722e+14	  1.000000	  0.542238	  0.835808	 -0.086036	  0.893781	  0.791978	 -0.474217	  0.384563	  0.746923	 -0.280622	  0.276664	  0.919080	2.188518e+19	-4.200995e+19	1325.077377
590.1479	      1875	7.692619e+13	     1038.47	      365.67	  748.73	  816.27	   4.318e+14	  -1.549e+14	   1.511e+15	  1.000000	  0.628704	  0.777177	  0.026947	  0.895068	  0.714351	 -0.590880	  0.374917	  0.730724	 -0.307300	  0.216463	  0.926667	2.562804e+19	-4.771454e+19	1214.616429
755.0609	      2237	9.177808e+13	      591.56	      183.20	  723.01	  804.73	   4.335e+14	   7.095e+13	   2.543e+15	  1.000000	  0.550719	  0.833773	 -0.039118	  0.916089	  0.758105	 -0.480029	  0.441417	  0.712093	 -0.349263	  0.272753	  0.896449	2.971761e+19	-5.267593e+19	1099.251804
966.0576	      2633	1.080249e+14	      332.44	       95.68	  693.47	  792.92	   4.036e+14	   1.574e+15	   3.021e+15	  1.000000	  0.858420	  0.428297	  0.282271	  0.947224	 -0.319987	  0.877218	 -0.357907	  0.704902	 -0.400903	  0.216912	  0.890071	3.395840e+19	-5.704840e+19	980.714004
-16.8155	         9	3.692457e+11	   215470.92	   215470.92	  307.31	  467.96	   1.766e+11	  -4.972e+11	  -1.253e+11	  1.000000	  0.845727	  0.037539	  0.532294	  0.706025	 -0.247538	  0.911298	  0.329029	  0.207823	 -0.472727	 -0.410032	  0.780002	4.042987e+16	-3.377978e+17	1901.988998
-21.5621	        11	4.513003e+11	   124909.76	    43201.58	  300.02	  579.36	  -1.371e+11	   -6.96e+11	  -6.683e+11	  1.000000	  0.808360	 -0.064783	  0.585113	  0.725414	 -0.475279	  0.514665	  0.713603	  0.517012	  0.347367	  0.854940	 -0.385245	7.574057e+16	-4.113127e+17	1888.161918
-27.6485	        20	8.205461e+11	   107718.72	    92208.24	  357.26	  722.72	   6.642e+11	   -4.51e+11	  -1.417e+12	  1.000000	 -0.089729	  0.720493	  0.687632	  0.952500	 -0.602373	  0.510567	 -0.613570	  0.631329	  0.793155	  0.469266	 -0.388193	2.142969e+17	-7.391200e+17	1878.961066
-35.4529	        30	1.230819e+12	    76637.26	    48594.23	  386.40	  799.95	   1.898e+12	  -4.653e+12	  -5.072e+11	  1.000000	  0.046476	 -0.318141	  0.946904	  0.832135	 -0.191624	  0.927484	  0.321021	  0.746818	  0.980367	  0.196369	  0.017857	3.938177e+17	-1.097209e+18	1860.996640
 45.4604	        56	2.297529e+12	    67852.26	    59926.04	  466.21	  761.57	    6.96e+12	   -8.09e+12	   3.775e+12	  1.000000	 -0.265867	  0.849258	  0.456153	  0.851140	 -0.555489	 -0.521691	  0.647511	  0.761672	  0.787875	 -0.081236	  0.610454	6.662736e+17	-2.008883e+18	1837.711090
 58.2927	        87	3.569375e+12	    49998.05	    33889.21	  513.16	  755.02	   9.826e+12	   -1.12e+13	   7.669e+12	  1.000000	 -0.508954	  0.816732	  0.271871	  0.792962	  0.859661	  0.498464	  0.111876	  0.707234	  0.044145	 -0.290657	  0.955808	1.017374e+18	-3.063771e+18	1804.152875
 74.7471	       142	5.825877e+12	    38706.12	    28518.06	  578.96	  779.26	   1.864e+13	  -2.755e+13	   2.413e+13	  1.000000	 -0.406049	  0.772688	  0.487932	  0.921648	 -0.385955	 -0.628974	  0.674856	  0.759414	  0.828349	  0.085705	  0.553617	1.768849e+18	-4.856122e+18	1763.126694
 95.8463	       223	9.149089e+12	    28830.60	    19920.48	  640.72	  812.27	   1.976e+13	  -3.196e+13	    2.92e+13	  1.000000	  0.427123	  0.902462	  0.055941	  0.949282	  0.782570	 -0.337971	 -0.522839	  0.830604	  0.452936	 -0.267094	  0.850594	3.018173e+18	-7.364154e+18	1706.668287
122.9012	       317	1.300566e+13	    19438.63	    10964.79	  674.61	  819.51	   5.393e+13	  -3.833e+13	   4.948e+13	  1.000000	  0.458597	  0.884277	  0.087989	  0.908723	  0.888642	 -0.456120	 -0.047649	  0.812292	  0.002001	 -0.100042	  0.994981	4.367305e+18	-1.006095e+19	1644.605211
157.5931	       438	1.796996e+13	    12739.08	     6694.46	  700.28	  823.67	   4.676e+13	  -4.408e+13	   2.856e+13	  1.000000	  0.341613	  0.930673	  0.130954	  0.886806	  0.884262	 -0.365481	  0.290696	  0.797426	 -0.318404	 -0.016492	  0.947812	6.095745e+18	-1.326593e+19	1572.218026
202.0775	       566	2.322145e+13	     7807.96	     3358.90	  703.00	  829.22	   7.357e+13	   -6.52e+13	   6.035e+13	  1.000000	  0.184565	  0.978510	 -0.091941	  0.869881	  0.820363	 -0.101865	  0.562697	  0.808675	 -0.541240	  0.179279	  0.821534	7.983522e+18	-1.634144e+19	1492.507185
259.1187	       758	3.109870e+13	     4959.62	     2389.72	  718.44	  827.06	   1.072e+14	  -3.419e+13	   -1.32e+13	  1.000000	 -0.005935	  0.927697	 -0.373287	  0.851854	  0.672775	  0.279880	  0.684865	  0.738579	  0.739823	 -0.247073	 -0.625793	1.063629e+19	-2.046838e+19	1406.234505
332.2612	       949	3.893491e+13	     2945.12	     1127.55	  709.90	  816.55	   2.143e+14	  -1.183e+14	  -1.353e+14	  1.000000	 -0.056504	  0.938234	 -0.341357	  0.848649	  0.732565	  0.271261	  0.624313	  0.735890	  0.678348	 -0.214790	 -0.702644	1.298013e+19	-2.407838e+19	1312.934559
426.0498	      1137	4.664804e+13	     1673.61	      526.40	  686.20	  803.29	   2.092e+14	  -6.173e+13	  -1.517e+14	  1.000000	 -0.083920	  0.956173	 -0.280517	  0.841659	  0.854178	  0.213999	  0.473903	  0.747295	 -0.513164	  0.199842	  0.834701	1.505035e+19	-2.716640e+19	1215.479313
546.3126	      1386	5.686384e+13	      967.64	      330.69	  669.06	  785.51	    2.05e+14	   6.164e+12	  -1.513e+14	  1.000000	 -0.189050	  0.918970	 -0.346056	  0.823935	  0.940587	  0.270692	  0.204994	  0.729388	 -0.282058	  0.286741	  0.915545	1.754340e+19	-3.063171e+19	1119.772764
700.5224	      1703	6.986950e+13	      563.93	      199.68	  654.94	  764.30	   2.824e+14	    2.09e+14	  -2.786e+14	  1.000000	 -0.171835	  0.907622	 -0.383009	  0.833676	  0.985016	  0.164092	 -0.053072	  0.733865	 -0.014680	  0.386390	  0.922219	2.040741e+19	-3.430557e+19	1019.301829
898.2617	      2106	8.640350e+13	      330.77	      120.40	  643.18	  742.59	  -1.237e+14	   9.118e+14	  -2.631e+14	  1.000000	 -0.146405	  0.910751	 -0.386133	  0.826392	  0.975088	  0.067109	 -0.211425	  0.709160	  0.166643	  0.407468	  0.897887	2.382345e+19	-3.818864e+19	909.591102
-14.9781	         4	1.641092e+11	   135508.95	   135508.95	  217.07	  453.71	   5.482e+10	   2.379e+11	  -5.296e+10	  1.000000	  0.954735	  0.125403	  0.269733	  0.793899	 -0.294287	  0.530268	  0.795117	  0.519891	  0.043320	  0.838504	 -0.543170	1.689080e+16	-1.649627e+17	1997.960179
-19.3298	         9	3.692457e+11	   141852.79	   147372.17	  286.62	  522.23	   3.912e+11	   6.788e+11	   8.815e+11	  1.000000	  0.839186	 -0.501011	 -0.211554	  0.712123	  0.477008	  0.491245	  0.728795	  0.362866	  0.261209	  0.712507	 -0.651232	5.035207e+16	-3.689898e+17	1991.422793
 24.9458	        17	6.974642e+11	   124661.31	   109704.10	  346.76	  610.99	  -8.676e+11	  -5.365e+11	   9.763e+11	  1.000000	  0.710198	 -0.503647	  0.491893	  0.884253	 -0.698103	 -0.413558	  0.584485	  0.661963	  0.090948	  0.758492	  0.645305	1.301853e+17	-6.923774e+17	1979.940752
 32.1935	        30	1.230819e+12	   102350.84	    82939.92	  405.49	  747.38	  -1.601e+12	   2.237e+12	   1.144e+12	  1.000000	  0.515006	  0.599718	  0.612460	  0.915181	 -0.528096	 -0.340816	  0.777791	  0.800062	  0.675192	 -0.724005	  0.141186	3.437510e+17	-1.209412e+18	1962.340808
 41.5470	        53	2.174447e+12	    84126.62	    68270.88	  474.43	  879.83	  -4.832e+12	   1.869e+12	   3.345e+12	  1.000000	  0.020901	  0.957487	 -0.287718	  0.862464	  0.435651	  0.250300	  0.864615	  0.811814	  0.899873	 -0.143416	 -0.411898	8.416145e+17	-2.108923e+18	1933.943882
 53.6179	        90	3.692457e+12	    66464.15	    51097.16	  544.21	  886.11	   -1.56e+12	  -9.332e+11	   6.017e+12	  1.000000	  0.585022	  0.721870	 -0.369666	  0.828382	  0.774534	 -0.632464	 -0.009296	  0.775799	  0.240511	  0.280881	  0.929118	1.449642e+18	-3.504941e+18	1898.930851
 69.1960	       154	6.318205e+12	    52911.86	    41120.88	  626.65	  873.12	   3.438e+12	    4.65e+12	   3.844e+12	  1.000000	  0.185023	  0.938854	 -0.290377	  0.816953	 -0.189320	  0.323997	  0.926922	  0.790953	  0.964326	 -0.116528	  0.237690	2.408280e+18	-5.813974e+18	1854.459707
 89.3001	       255	1.046196e+13	    40762.42	    30191.95	  709.82	  870.59	  -2.868e+13	   3.167e+12	   6.172e+12	  1.000000	  0.240334	  0.887025	 -0.394240	  0.830919	 -0.130385	  0.431964	  0.892416	  0.761906	  0.961894	 -0.163075	  0.219471	3.964720e+18	-9.260022e+18	1790.533099
115.2452	       364	1.493394e+13	    27071.26	    15159.46	  746.52	  873.23	  -6.289e+12	  -9.566e+12	  -9.051e+12	  1.000000	  0.402508	  0.713481	 -0.573527	  0.932928	 -0.143273	  0.667899	  0.730331	  0.811505	  0.904135	 -0.211793	  0.371057	5.693806e+18	-1.268534e+19	1713.158253
148.7283	       485	1.989824e+13	    16781.71	     7829.43	  758.54	  886.43	  -4.926e+13	   8.963e+12	   3.126e+13	  1.000000	  0.372577	  0.699167	 -0.610207	  0.901294	 -0.361573	  0.714955	  0.598418	  0.801797	  0.854665	 -0.002322	  0.519175	7.817556e+18	-1.614151e+19	1626.836894
191.9395	       614	2.519076e+13	     9884.40	     3883.49	  751.29	  886.70	  -1.605e+14	   5.916e+13	   3.108e+13	  1.000000	  0.341290	  0.852424	 -0.396100	  0.872248	 -0.244178	  0.487337	  0.838379	  0.767530	  0.907689	 -0.189411	  0.374466	9.902970e+18	-1.944112e+19	1534.803510
247.7053	       782	3.208335e+13	     5857.01	     2353.04	  746.34	  871.82	   -2.31e+14	   5.855e+13	  -3.211e+11	  1.000000	  0.356601	  0.779882	 -0.514413	  0.827798	 -0.083257	  0.574949	  0.813942	  0.707645	  0.930539	 -0.247424	  0.269958	1.219281e+19	-2.323625e+19	1438.955978
319.6732	      1003	4.115039e+13	     3495.08	     1440.12	  744.05	  848.56	  -3.863e+14	    1.21e+14	   1.268e+14	  1.000000	  0.348833	  0.840962	 -0.413641	  0.855630	 -0.069296	  0.463302	  0.883487	  0.705527	  0.934619	 -0.279526	  0.219891	1.481528e+19	-2.757216e+19	1337.304924
412.5504	      1212	4.972509e+13	     1964.93	      633.64	  719.97	  832.23	  -5.098e+14	   1.375e+14	   3.253e+14	  1.000000	  0.277333	  0.831999	 -0.480484	  0.835902	  0.033792	  0.491344	  0.870310	  0.729128	  0.960179	 -0.257602	  0.108151	1.721978e+19	-3.111215e+19	1231.834447
532.4121	      1458	5.981781e+13	     1099.74	      346.99	  695.12	  807.35	  -6.205e+14	   2.166e+14	   5.629e+14	  1.000000	  0.275821	  0.825264	 -0.492810	  0.832242	 -0.296853	  0.560770	  0.772926	  0.703070	  0.914222	 -0.066897	  0.399655	1.949509e+19	-3.462276e+19	1122.504001
687.0982	      1725	7.077210e+13	      605.35	      175.22	  665.56	  782.92	  -7.525e+14	   3.088e+14	   9.162e+14	  1.000000	  0.261737	  0.760056	 -0.594818	  0.860048	 -0.153737	  0.641266	  0.751760	  0.707491	  0.952816	 -0.105318	  0.284692	2.169048e+19	-3.774619e+19	1011.594225
886.7264	      2032	8.336748e+13	      331.76	       93.73	  635.87	  753.39	   -6.99e+14	    2.18e+14	   1.102e+15	  1.000000	  0.313498	  0.839741	 -0.443345	  0.877427	 -0.156512	  0.506189	  0.848102	  0.724818	  0.936602	 -0.196489	  0.290119	2.365959e+19	-4.062219e+19	899.260429
-28.2101	         5	2.051365e+11	    25353.06	    25353.06	  176.84	  749.44	  -4.849e+11	   8.566e+11	   -7.74e+11	  1.000000	  0.240881	  0.692217	 -0.680303	  0.614672	  0.074572	  0.685670	  0.724082	  0.454752	  0.967686	 -0.225149	  0.113545	5.760926e+16	-1.593883e+17	1759.542628
-35.4580	        18	7.384915e+11	    45962.51	    66869.45	  299.28	  750.77	   -1.39e+12	   4.468e+11	  -2.695e+12	  1.000000	 -0.417357	  0.846463	 -0.330627	  0.763303	  0.136299	  0.418021	  0.898154	  0.484248	  0.898463	  0.329786	 -0.289836	2.081296e+17	-5.702806e+17	1750.917458
-44.5681	        38	1.559038e+12	    48863.63	    51806.62	  387.87	  784.16	   -2.41e+12	   1.435e+12	  -5.025e+12	  1.000000	 -0.542261	  0.740723	 -0.396589	  0.909291	 -0.293147	  0.275560	  0.915495	  0.644675	  0.787412	  0.612696	  0.067715	4.793296e+17	-1.194067e+18	1736.940613
 56.0188	        73	2.994993e+12	    47271.11	    45655.61	  479.51	  704.11	    -8.2e+12	   2.888e+11	  -8.044e+12	  1.000000	  0.796778	 -0.589073	 -0.134674	  0.892670	  0.171072	  0.006145	  0.985239	  0.754812	  0.579551	  0.808056	 -0.105670	7.424066e+17	-2.262930e+18	1712.516409
 70.4115	       112	4.595058e+12	    36522.61	    25618.96	  529.77	  730.79	  -3.317e+12	   4.946e+12	  -1.068e+13	  1.000000	  0.725605	 -0.684405	  0.071329	  0.854278	  0.136389	  0.244649	  0.959971	  0.736359	  0.674460	  0.686831	 -0.270864	1.227017e+18	-3.414788e+18	1674.370604
 88.5021	       163	6.687451e+12	    26767.16	    16870.89	  570.06	  737.56	   -7.98e+12	   3.081e+12	  -9.638e+12	  1.000000	  0.837383	 -0.484959	  0.252199	  0.868483	 -0.013372	  0.443070	  0.896388	  0.784244	  0.546453	  0.753992	 -0.364534	1.818980e+18	-4.846720e+18	1635.321554
111.2406	       236	9.682444e+12	    19516.30	    12160.78	  611.83	  731.71	  -1.247e+13	   1.671e+13	   -2.07e+13	  1.000000	  0.893448	 -0.438942	  0.095286	  0.902568	  0.068879	  0.343523	  0.936615	  0.790404	  0.443853	  0.830254	 -0.337154	2.591968e+18	-6.790801e+18	1584.650455
139.8212	       324	1.329285e+13	    13492.78	     7382.31	  639.42	  753.24	  -2.287e+13	   1.889e+13	  -7.255e+13	  1.000000	  0.896511	 -0.425974	  0.121715	  0.796078	  0.304238	  0.791683	  0.529790	  0.782852	 -0.322036	 -0.437932	  0.839350	3.770946e+18	-8.975355e+18	1527.667535
175.7449	       424	1.739558e+13	     8891.87	     4224.55	  652.45	  742.88	   -1.22e+13	   2.001e+13	  -8.817e+13	  1.000000	  0.875086	 -0.414074	  0.250535	  0.806449	  0.425329	  0.904983	  0.010102	  0.735862	 -0.230913	  0.097720	  0.968055	4.800006e+18	-1.127427e+19	1462.097277
220.8983	       544	2.231885e+13	     5745.09	     2552.89	  659.18	  744.05	  -1.072e+13	   6.194e+13	  -1.529e+14	  1.000000	  0.735774	 -0.667019	  0.117142	  0.875383	  0.674285	  0.737641	 -0.035000	  0.788257	 -0.063063	  0.104739	  0.992498	6.177929e+18	-1.378331e+19	1394.849240
277.6528	       690	2.830884e+13	     3669.59	     1564.14	  662.18	  732.10	   2.104e+13	   1.104e+14	  -2.204e+14	  1.000000	  0.680680	 -0.728053	  0.081317	  0.942044	  0.723309	  0.650307	 -0.232218	  0.813311	  0.116186	  0.216884	  0.969259	7.586250e+18	-1.654644e+19	1320.323673
348.9891	       868	3.561170e+13	     2324.66	      960.31	  662.46	  718.74	   1.754e+14	   2.099e+14	  -3.889e+14	  1.000000	  0.820786	 -0.540780	  0.184032	  0.841023	  0.570485	  0.792520	 -0.215543	  0.761407	 -0.029288	  0.281903	  0.958996	9.198229e+18	-1.954140e+19	1242.334955
438.6535	      1080	4.430949e+13	     1456.58	      575.97	  659.10	  712.91	   2.456e+14	   2.337e+14	  -6.516e+14	  1.000000	  0.882714	 -0.423942	  0.202704	  0.817786	  0.431174	  0.902221	  0.009303	  0.748962	 -0.186828	  0.079189	  0.979196	1.125985e+19	-2.267841e+19	1159.315145
551.3549	      1300	5.333549e+13	      882.93	      300.99	  645.00	  707.77	     3.5e+14	   1.456e+14	   -8.01e+14	  1.000000	  0.884694	 -0.418302	  0.205768	  0.915302	  0.449952	  0.881648	 -0.142268	  0.773041	 -0.121904	  0.218449	  0.968204	1.335902e+19	-2.547918e+19	1071.950402
693.0124	      1579	6.478211e+13	      540.05	      192.22	  634.05	  698.61	   4.212e+14	   3.495e+14	  -8.302e+14	  1.000000	  0.918147	 -0.350965	  0.183926	  0.950006	  0.389046	  0.886522	 -0.250445	  0.797939	 -0.075157	  0.301501	  0.950499	1.580848e+19	-2.849442e+19	980.835999
871.0653	      1929	7.914167e+13	      332.24	      121.44	  625.09	  682.37	   1.575e+14	   1.322e+15	  -5.221e+14	  1.000000	  0.925058	 -0.253714	  0.282662	  0.899267	  0.343125	  0.877356	 -0.335429	  0.767637	 -0.162892	  0.407279	  0.898660	1.842555e+19	-3.160872e+19	884.014161
-15.8686	         6	2.461638e+11	   170928.37	   170928.37	  258.29	  706.09	  -2.717e+10	   3.357e+10	    4.18e+11	  1.000000	  0.948372	  0.181996	  0.259746	  0.976341	 -0.316904	  0.510906	  0.799091	  0.624609	 -0.012725	  0.840150	 -0.542204	6.136479e+16	-2.141374e+17	1856.295518
-20.7113	         9	3.692457e+11	   115316.78	    69859.30	  276.90	  720.11	  -1.918e+11	  -8.541e+11	  -4.273e+11	  1.000000	  0.497052	  0.648713	 -0.576291	  0.806729	 -0.867374	  0.390217	 -0.308857	  0.579592	  0.024519	  0.653378	  0.756635	9.573708e+16	-3.190572e+17	1839.717735
-27.0321	        13	5.333549e+11	    74917.02	    41893.83	  291.30	  710.53	  -6.594e+11	   2.348e+11	  -1.254e+12	  1.000000	 -0.113607	  0.945777	 -0.304301	  0.897868	  0.943471	  0.198690	  0.265302	  0.753486	 -0.311378	  0.256959	  0.914886	1.346314e+17	-4.577034e+17	1835.870801
-35.2818	        23	9.436280e+11	    59614.52	    47106.11	  339.15	  769.43	  -6.574e+11	  -1.044e+11	  -3.498e+12	  1.000000	  0.490699	 -0.201785	  0.847642	  0.745935	  0.557620	  0.820239	 -0.127544	  0.567388	 -0.669533	  0.535248	  0.515010	2.793258e+17	-8.008337e+17	1822.362588
 46.0491	        65	2.666775e+12	    75774.79	    88984.35	  499.06	  827.56	   1.186e+12	  -1.379e+12	  -8.174e+12	  1.000000	  0.728531	 -0.402461	 -0.554318	  0.886294	  0.399963	 -0.407033	  0.821190	  0.853287	  0.556123	  0.819969	  0.135567	9.131676e+17	-2.209895e+18	1796.684183
 60.1025	        94	3.856567e+12	    49286.31	    27634.36	  525.32	  824.86	  -2.129e+12	  -2.103e+12	   -9.03e+12	  1.000000	 -0.542956	  0.496078	  0.677573	  0.860291	  0.496561	  0.840350	 -0.217347	  0.793036	  0.677219	 -0.218446	  0.702606	1.312000e+18	-3.149843e+18	1757.239988
 78.4446	       153	6.277177e+12	    36080.87	    25286.61	  586.63	  854.84	  -9.499e+12	  -1.747e+12	  -1.059e+13	  1.000000	 -0.427859	  0.629371	  0.648714	  0.841970	  0.833288	 -0.003335	  0.552830	  0.775862	  0.350098	  0.777098	 -0.523020	2.293513e+18	-4.966027e+18	1708.438666
102.3845	       245	1.005169e+13	    25985.96	    17734.28	  649.78	  839.43	    6.16e+12	   1.018e+13	   2.013e+13	  1.000000	  0.493202	 -0.514116	 -0.701738	  0.926860	  0.857623	  0.422489	  0.293233	  0.825556	  0.145721	 -0.746450	  0.649290	3.541439e+18	-7.631390e+18	1648.675250
133.6304	       350	1.435956e+13	    16696.59	     9103.37	  679.81	  828.49	   1.231e+13	   2.521e+13	    1.34e+13	  1.000000	  0.157897	  0.253420	  0.954383	  0.873924	 -0.637189	  0.764505	 -0.097582	  0.805755	  0.754360	  0.592715	 -0.282189	4.928145e+18	-1.042091e+19	1576.894254
174.4119	       482	1.977516e+13	    10341.75	     5147.23	  698.30	  810.45	   3.014e+13	   2.359e+12	   1.415e+13	  1.000000	  0.313570	 -0.056873	  0.947860	  0.822594	  0.118881	  0.992702	  0.020236	  0.782438	  0.942094	 -0.106337	 -0.318043	6.494383e+18	-1.361720e+19	1493.595278
227.6392	       648	2.658569e+13	     6253.30	     2911.35	  708.71	  802.48	  -5.161e+13	   2.832e+13	  -2.611e+13	  1.000000	  0.335927	  0.037931	  0.941124	  0.842525	  0.214599	  0.969827	 -0.115687	  0.773460	  0.917115	 -0.240827	 -0.317651	8.560292e+18	-1.716805e+19	1402.502163
297.1105	       820	3.364239e+13	     3559.06	     1356.76	  697.83	  783.80	  -8.503e+13	   5.148e+13	  -7.104e+13	  1.000000	  0.397721	  0.031838	  0.916954	  0.817355	  0.567223	  0.776997	 -0.273007	  0.763018	 -0.721163	  0.628698	  0.290969	1.033388e+19	-2.039580e+19	1306.213373
387.7832	      1027	4.213504e+13	     2004.84	      734.40	  683.59	  767.64	   4.355e+12	   1.177e+14	  -1.793e+14	  1.000000	  0.440208	  0.006872	  0.897869	  0.814280	  0.570170	  0.770344	 -0.285439	  0.769769	 -0.693630	  0.637591	  0.335194	1.241450e+19	-2.376301e+19	1204.288351
506.1275	      1267	5.198159e+13	     1112.43	      382.97	  664.60	  752.58	    1.72e+14	     2.4e+14	  -3.746e+14	  1.000000	  0.382872	 -0.101699	  0.918187	  0.817774	  0.656030	  0.729711	 -0.192733	  0.761706	 -0.650410	  0.676150	  0.346103	1.472072e+19	-2.703029e+19	1098.144191
660.5883	      1554	6.375643e+13	      613.67	      205.98	  644.26	  733.47	   2.485e+14	   5.382e+14	   -4.08e+14	  1.000000	  0.345272	 -0.001172	  0.938502	  0.799391	  0.197965	  0.977590	 -0.071610	  0.771833	  0.917386	 -0.210515	 -0.337766	1.714978e+19	-3.024596e+19	989.020143
862.1878	      1872	7.680311e+13	      332.49	      102.65	  618.95	  710.63	   6.644e+14	   9.046e+14	  -7.887e+14	  1.000000	  0.423373	 -0.073075	  0.903004	  0.814169	 -0.099392	  0.986978	  0.126471	  0.778356	  0.900487	  0.143296	 -0.410597	1.939277e+19	-3.307675e+19	875.327260
-25.7390	         6	2.461638e+11	    40054.54	    40054.54	  202.81	  630.43	   2.297e+11	   -1.12e+12	   6.596e+11	  1.000000	  0.845351	 -0.153138	  0.511792	  0.765322	 -0.533512	 -0.192990	  0.823480	  0.481976	  0.027335	  0.969177	  0.244845	4.891822e+16	-1.891689e+17	1748.561645
-32.5151	        15	6.154096e+11	    49672.02	    59138.50	  285.30	  714.47	   1.042e+12	  -4.341e+11	   1.026e+12	  1.000000	  0.631409	 -0.533324	 -0.562929	  0.732012	  0.679645	  0.031075	  0.732883	  0.529684	  0.373371	  0.845340	 -0.382092	1.570714e+17	-4.699411e+17	1741.061932
-41.0751	        31	1.271846e+12	    50921.63	    52151.62	  364.92	  769.62	   1.065e+12	    5.02e+11	   1.189e+12	  1.000000	 -0.565132	  0.755677	  0.331026	  0.750175	  0.640449	  0.148920	  0.753424	  0.553800	  0.520049	  0.637789	 -0.568132	3.766694e+17	-9.636006e+17	1725.125185
-51.8885	        45	1.846229e+12	    36666.81	    22635.80	  391.18	  759.74	   4.653e+12	  -8.253e+11	   2.313e+12	  1.000000	  0.621331	 -0.620472	 -0.478500	  0.882713	  0.603634	 -0.010317	  0.797194	  0.747877	  0.499573	  0.784161	 -0.368128	5.328229e+17	-1.385338e+18	1707.656107
 65.5488	        81	3.323212e+12	    32739.02	    28872.90	  466.94	  769.65	   8.303e+12	   1.186e+13	  -5.768e+12	  1.000000	  0.677578	 -0.361131	 -0.640681	  0.856532	  0.729535	  0.440303	  0.523365	  0.820088	 -0.093090	  0.822020	 -0.561798	9.842675e+17	-2.446950e+18	1683.740228
 82.8053	       130	5.333549e+12	    26064.18	    19494.14	  526.32	  776.22	  -2.552e+12	   6.964e+12	  -6.034e+12	  1.000000	  0.940577	  0.018552	 -0.339074	  0.951938	  0.337190	 -0.169318	  0.926085	  0.827956	  0.040231	  0.985387	  0.165512	1.606761e+18	-3.840533e+18	1649.470772
104.6048	       195	8.000324e+12	    19393.46	    12827.48	  573.52	  757.22	   1.724e+12	    7.27e+11	  -4.961e+11	  1.000000	 -0.607342	  0.713906	 -0.348531	  0.902696	 -0.459069	  0.042674	  0.887375	  0.854251	  0.648376	  0.698940	  0.301815	2.293604e+18	-5.604519e+18	1605.862635
132.1432	       287	1.177484e+13	    14158.68	     9006.08	  619.04	  770.19	   1.926e+13	   2.234e+13	  -4.005e+12	  1.000000	  0.684444	 -0.693840	  0.223880	  0.866143	 -0.348545	 -0.041690	  0.936364	  0.817163	  0.640353	  0.718922	  0.270369	3.492405e+18	-7.955777e+18	1553.264996
166.9314	       393	1.612373e+13	     9617.31	     5147.23	  644.51	  774.68	  -8.295e+11	   4.811e+13	  -9.453e+12	  1.000000	  0.685983	 -0.681150	  0.255854	  0.859923	 -0.311602	  0.042746	  0.949251	  0.761241	  0.657519	  0.730895	  0.182924	4.838219e+18	-1.047376e+19	1491.830953
210.8781	       538	2.207269e+13	     6530.75	     3492.66	  670.93	  774.28	  -2.147e+13	   1.792e+14	  -6.475e+12	  1.000000	 -0.628294	  0.732036	 -0.263382	  0.857098	 -0.311882	  0.073149	  0.947301	  0.732856	  0.712724	  0.677328	  0.182350	6.616415e+18	-1.364663e+19	1420.740116
266.3942	       697	2.859603e+13	     4196.95	     1899.79	  679.45	  779.80	  -7.908e+13	   2.319e+14	   1.447e+13	  1.000000	 -0.659696	  0.728321	 -0.185337	  0.866014	 -0.156889	  0.107715	  0.981725	  0.735163	  0.734974	  0.676717	  0.043207	8.694528e+18	-1.676577e+19	1343.286773
336.5256	       932	3.823745e+13	     2783.79	     1392.82	  699.04	  781.46	  -2.207e+14	   5.043e+14	   1.403e+14	  1.000000	 -0.636785	  0.744440	 -0.200783	  0.872865	 -0.058156	  0.213290	  0.975256	  0.729972	  0.768845	  0.632705	 -0.092527	1.167542e+19	-2.085233e+19	1256.805679
425.1198	      1142	4.685318e+13	     1692.03	      617.40	  688.46	  765.94	  -2.508e+14	   7.609e+14	   1.919e+14	  1.000000	 -0.652138	  0.753330	 -0.084912	  0.796383	 -0.091665	  0.032828	  0.995249	  0.718045	  0.752538	  0.656823	  0.047646	1.374346e+19	-2.400005e+19	1165.312806
537.0376	      1358	5.571508e+13	      998.07	      315.01	  667.96	  748.90	  -1.616e+14	    9.78e+14	   6.143e+14	  1.000000	 -0.635109	  0.753044	 -0.171934	  0.778964	 -0.204334	  0.050867	  0.977579	  0.720637	  0.744905	  0.656001	  0.121567	1.562406e+19	-2.675901e+19	1069.118912
678.4190	      1596	6.547958e+13	      581.85	      172.17	  644.27	  732.42	  -1.101e+14	   1.064e+15	   8.376e+14	  1.000000	 -0.637694	  0.756791	 -0.143574	  0.739219	 -0.341593	 -0.110776	  0.933297	  0.708304	  0.690406	  0.644201	  0.329156	1.756291e+19	-2.930598e+19	969.856957
857.0207	      1836	7.532613e+13	      332.03	       86.12	  614.81	  716.09	  -1.572e+14	   1.287e+15	   1.415e+15	  1.000000	 -0.609252	  0.780045	 -0.142622	  0.723536	 -0.658458	 -0.397431	  0.639126	  0.705082	  0.441865	  0.483299	  0.755763	1.931315e+19	-3.138835e+19	869.479071
-20.9002	         6	2.461638e+11	    74812.50	    74812.50	  225.06	  568.05	   2.836e+11	   8.254e+11	   2.785e+11	  1.000000	  0.683251	 -0.265702	  0.680126	  0.879279	 -0.674021	  0.128732	  0.727409	  0.609316	  0.280828	  0.955422	  0.091133	3.971624e+16	-1.629336e+17	1618.329542
-26.7197	        11	4.513003e+11	    65640.61	    57222.18	  269.52	  657.09	  -4.295e+11	   1.868e+12	   1.452e+12	  1.000000	  0.437587	  0.037575	  0.898391	  0.892793	  0.863814	 -0.295007	 -0.408407	  0.701692	  0.249686	  0.954756	 -0.161549	9.742796e+16	-2.964010e+17	1608.908526
-34.1596	        16	6.564369e+11	    45693.75	    27385.55	  287.48	  658.28	  -6.279e+11	   1.588e+12	    1.98e+12	  1.000000	 -0.109662	 -0.493245	  0.862951	  0.671837	  0.962006	 -0.271065	 -0.032685	  0.629340	  0.250037	  0.826579	  0.504230	1.422287e+17	-4.284356e+17	1595.321018
-43.6711	        35	1.435956e+12	    47836.77	    49803.74	  376.05	  644.30	  -7.767e+11	   1.622e+12	   4.098e+12	  1.000000	  0.637887	  0.694748	 -0.332304	  0.971511	 -0.045485	  0.464724	  0.884287	  0.657298	  0.768786	 -0.548960	  0.328042	2.980529e+17	-9.188402e+17	1577.917326
 55.8309	        51	2.092392e+12	    33359.61	    20071.75	  401.47	  620.56	  -3.205e+12	   1.571e+12	    7.08e+12	  1.000000	  0.362781	  0.749053	  0.554355	  0.921613	 -0.795754	 -0.060559	  0.602585	  0.775610	  0.484939	 -0.659736	  0.574092	4.028880e+17	-1.320912e+18	1558.213482
 71.3766	        86	3.528348e+12	    26921.93	    21013.11	  461.08	  633.39	  -1.151e+13	   5.898e+12	   1.053e+13	  1.000000	  0.651527	  0.540424	  0.532404	  0.818376	 -0.673805	  0.089778	  0.733435	  0.700066	 -0.348568	  0.836589	 -0.422634	7.077662e+17	-2.176799e+18	1526.175214
 91.2508	       135	5.538686e+12	    20225.46	    14079.11	  510.92	  646.31	  -1.445e+13	  -2.367e+12	   2.647e+13	  1.000000	  0.673401	  0.515949	  0.529460	  0.788483	 -0.680371	  0.152375	  0.716852	  0.689127	 -0.289183	  0.842958	 -0.453646	1.156811e+18	-3.320814e+18	1488.705311
116.6589	       186	7.631078e+12	    13336.28	     7013.04	  530.40	  658.22	  -2.488e+13	   1.593e+13	   3.752e+12	  1.000000	  0.696420	  0.511948	  0.502900	  0.788173	 -0.514065	 -0.133088	  0.847364	  0.644949	 -0.500736	  0.848644	 -0.170489	1.653110e+18	-4.444683e+18	1442.323634
149.1416	       244	1.001066e+13	     8372.76	     3816.99	  537.28	  671.58	  -4.252e+13	   1.677e+13	  -1.588e+13	  1.000000	  0.794217	  0.487827	  0.362278	  0.842858	 -0.508916	  0.208272	  0.835241	  0.684808	 -0.332001	  0.847731	 -0.413676	2.257479e+18	-5.639172e+18	1393.927615
190.6689	       341	1.399031e+13	     5600.03	     3055.07	  561.75	  690.75	  -1.061e+14	   2.471e+13	  -6.878e+13	  1.000000	  0.967052	  0.252576	  0.031853	  0.956883	 -0.169700	  0.546300	  0.820218	  0.740159	 -0.189766	  0.798600	 -0.571163	3.337590e+18	-7.492438e+18	1339.783397
243.7591	       496	2.034954e+13	     3898.29	     2336.35	  599.19	  702.34	  -1.713e+14	   1.851e+13	  -6.815e+13	  1.000000	  0.980037	  0.195679	 -0.035184	  0.883124	 -0.113026	  0.693939	  0.711107	  0.709921	 -0.163565	  0.692934	 -0.702203	5.018987e+18	-1.021226e+19	1276.199173
311.6319	       669	2.744727e+13	     2516.38	     1247.99	  615.45	  693.50	  -2.922e+14	   8.938e+13	  -2.088e+14	  1.000000	  0.732330	  0.537128	  0.418553	  0.971122	 -0.671744	  0.469119	  0.573313	  0.733434	  0.111592	 -0.701015	  0.704362	6.600236e+18	-1.294247e+19	1202.328717
398.4033	       861	3.532451e+13	     1549.92	      662.86	  617.51	  689.06	  -4.387e+14	   1.395e+14	  -4.222e+14	  1.000000	  0.827683	  0.445678	  0.341045	  0.953228	 -0.544627	  0.491327	  0.679691	  0.747980	 -0.135359	  0.748311	 -0.649391	8.386195e+18	-1.561080e+19	1121.649598
509.3355	      1071	4.394024e+13	      922.68	      346.97	  609.11	  685.21	  -6.431e+14	  -7.443e+13	  -5.082e+14	  1.000000	  0.758374	  0.584198	  0.289107	  0.933444	 -0.603170	  0.460827	  0.651018	  0.759554	  0.247095	 -0.668095	  0.701850	1.031536e+19	-1.812073e+19	1035.329051
651.1558	      1354	5.555097e+13	      558.26	      223.78	  605.72	  686.54	  -1.141e+15	  -7.012e+13	  -1.113e+15	  1.000000	  0.484268	  0.824034	  0.294026	  0.864607	  0.787575	 -0.264201	 -0.556708	  0.716939	  0.381064	 -0.501164	  0.776933	1.309164e+19	-2.095380e+19	943.504181
832.4649	      1682	6.900792e+13	      331.90	      124.13	  597.08	  675.61	  -1.731e+15	    2.89e+13	  -2.283e+15	  1.000000	  0.506685	  0.842473	  0.183057	  0.831715	  0.755205	 -0.331303	 -0.565601	  0.733777	  0.415856	 -0.424827	  0.804106	1.574926e+19	-2.366272e+19	844.400496
-23.4275	        10	4.102730e+11	    88531.85	    88531.85	  274.44	  679.58	   1.175e+12	   5.677e+11	   1.237e+11	  1.000000	  0.962344	  0.263512	 -0.066748	  0.743637	 -0.223387	  0.906534	  0.358182	  0.628372	  0.154895	 -0.329784	  0.931263	9.473660e+16	-2.794722e+17	1642.253738
-29.6387	        15	6.154096e+11	    65582.93	    43191.18	  298.83	  652.32	   1.257e+12	   8.882e+11	   8.161e+10	  1.000000	  0.799069	  0.524695	  0.293571	  0.901737	 -0.601232	  0.694928	  0.394456	  0.578438	  0.002959	 -0.491702	  0.870759	1.309368e+17	-4.174141e+17	1635.342683
